TASMANIAN SG 4.0
WARNING: do not edit this manually
localpolynomial
2 1 1 4
localp
1 2 55 0 0 0 1 0 2 0 3 0 4 0 5 0 6 0 7 0 8 0 9 0 10 0 11 0 12 0 13 0 14 0 15 0 16 1 0 1 1 1 2 1 3 1 4 1 5 1 6 1 7 1 8 2 0 2 1 2 2 2 3 2 4 2 5 2 6 2 7 2 8 3 0 3 1 3 2 3 3 3 4 4 0 4 1 4 2 4 3 4 4 5 0 5 1 5 2 6 0 6 1 6 2 7 0 7 1 8 0 8 1
1  -6.83903160844764102e+02 -1.67324683150127385e-03 7.16465774644348130e-04 2.63196234641327464e-04 4.85084434558302746e-05 1.40216322392916481e-04 2.83864089851704193e-05 1.50197887478498160e-05 9.68384301813784987e-06 5.77095695462048752e-05 1.62445617206685711e-05 8.08203617452818435e-06 5.96731706536957063e-06 4.14538203585834708e-06 3.34851222305587726e-06 2.63344350059924182e-06 2.21237746700353455e-06 -1.70594933604206744e-03 -5.95795566368906293e-04 2.08643056680557493e-04 9.97149786599038634e-05 1.88662873483735893e-05 4.32388239914871519e-05 1.24707315762861981e-05 6.27664860530785518e-06 3.29997948256277596e-06 7.26704097928632109e-04 2.08643057817425870e-04 -5.24257998222310562e-05 -4.68211488282577193e-05 -5.54278813069686294e-06 -2.53554413234269305e-05 -5.22387756518583046e-06 -2.01296222712699091e-06 -9.87375642580445856e-07 2.69192072323676257e-04 9.97150212356245902e-05 -4.68211589463862765e-05 -1.02150924874422344e-05 -3.57558013774905703e-06 4.87170710812279140e-05 1.88662862115052121e-05 -4.50775149829496513e-06 -3.57557871666358551e-06 -6.13430614748722292e-07 1.43426057206852420e-04 4.32389351487927343e-05 -2.53554675566647347e-05 3.04453285480121849e-05 1.24707179622873809e-05 -5.22387435353266483e-06 1.53158191551483469e-05 6.27664783792170056e-06 9.71979204678063979e-06 3.29997962467132311e-06
0
0
1 0
0 4 5 6 8 10 12 14 16 18 18 18 18 18 18 18 18 18 21 22 23 25 27 27 27 27 27 30 31 32 34 36 36 36 36 36 40 41 42 42 42 46 47 48 48 48 50 50 50 52 52 52 53 53 54 54
17 26 1 2 3 4 5 6 7 8 9 10 11 12 13 14 15 16 35 18 19 20 21 22 23 24 25 40 27 28 29 30 31 32 33 34 45 48 36 37 38 39 51 53 41 42 43 44 46 47 49 50 52 54
1 55 1 -6.83903160844764102e+02 -6.83904834091595603e+02 -6.83902444378989458e+02 -6.83903734271945268e+02 -6.83902754103433267e+02 -6.83904143965447929e+02 -6.83903419171945643e+02 -6.83902942454309937e+02 -6.83902589557368287e+02 -6.83904431318952220e+02 -6.83903922874134878e+02 -6.83903568639909281e+02 -6.83903284041037750e+02 -6.83903047504154983e+02 -6.83902844930359379e+02 -6.83902669196957277e+02 -6.83902514755801462e+02 -6.83904866794100144e+02 -6.83907135836498014e+02 -6.83903941685268819e+02 -6.83905638404085721e+02 -6.83904336864953621e+02 -6.83906203665145540e+02 -6.83905211741952371e+02 -6.83904580533089529e+02 -6.83904126291288776e+02 -6.83902434140666173e+02 -6.83903898744439857e+02 -6.83901770100691351e+02 -6.83902950067467259e+02 -6.83902059155023380e+02 -6.83903309545072489e+02 -6.83902668941535353e+02 -6.83902233641018370e+02 -6.83901905931389933e+02 -6.83903744627359856e+02 -6.83905616056953249e+02 -6.83902970661215704e+02 -6.83904377503524984e+02 -6.83903303278280873e+02 -6.83902748775644000e+02 -6.83904298834660381e+02 -6.83902063030520821e+02 -6.83903287595070651e+02 -6.83902360779463606e+02 -6.83904162284672793e+02 -6.83906189281733305e+02 -6.83903338102652697e+02 -6.83903422290733488e+02 -6.83905182158227944e+02 -6.83902682298648415e+02 -6.83902939494385009e+02 -6.83904544870661084e+02 -6.83902581738362983e+02 -6.83904085769778476e+02
custom
2.00000000000000011e-01 3.00000000000000000e+00
2.00000000000000011e-01 3.00000000000000000e+00
TASMANIAN SG end
