TASMANIAN SG 4.0
WARNING: do not edit this manually
localpolynomial
2 1 1 4
localp
1 2 55 0 0 0 1 0 2 0 3 0 4 0 5 0 6 0 7 0 8 0 9 0 10 0 11 0 12 0 13 0 14 0 15 0 16 1 0 1 1 1 2 1 3 1 4 1 5 1 6 1 7 1 8 2 0 2 1 2 2 2 3 2 4 2 5 2 6 2 7 2 8 3 0 3 1 3 2 3 3 3 4 4 0 4 1 4 2 4 3 4 4 5 0 5 1 5 2 6 0 6 1 6 2 7 0 7 1 8 0 8 1
1  -6.84432950251580451e+02 -2.87093616861966439e-05 1.46187073823966784e-05 3.60639057817024877e-06 7.97457232692977414e-07 1.81719224201515317e-06 4.28112116424017586e-07 2.39182099903700873e-07 1.63361164595698938e-07 7.86221789894625545e-07 2.20522110794263426e-07 1.41711893775209319e-07 7.73717374613624997e-08 7.61722276365617290e-08 5.92386868447647430e-08 4.48093260274617933e-08 4.07867446483578533e-08 -2.94230048893950880e-05 -6.94387495059345383e-06 3.34526498591003474e-06 8.34497541291057132e-07 2.61683794633427169e-07 3.55313716227101395e-07 1.23422921660676366e-07 7.06303353581461124e-08 4.90290403831750154e-08 1.48544328339994536e-05 3.34526475853635930e-06 -1.21940104236273328e-06 -4.80490712106984574e-07 -9.96059839053486940e-08 -2.53178711773216492e-07 -6.29951841801812407e-08 -3.27522684528958052e-08 -2.23782876673794817e-08 3.72629654066258809e-06 8.34498223412083462e-07 -4.80491053167497739e-07 -4.04506295126338955e-08 -3.71239252672239672e-08 8.10653546068351716e-07 2.61683737790008308e-07 -8.03539137450570706e-08 -3.71241810626088409e-08 -6.79392542224377394e-09 1.89146771845116746e-06 3.55314398348127725e-07 -2.53179166520567378e-07 4.39777522842632607e-07 1.23422807973838644e-07 -6.29954115538566839e-08 2.43557110479741823e-07 7.06301932495989604e-08 1.68106453202199191e-07 4.90288414312090026e-08
0
0
1 0
0 4 5 6 8 10 12 14 16 18 18 18 18 18 18 18 18 18 21 22 23 25 27 27 27 27 27 30 31 32 34 36 36 36 36 36 40 41 42 42 42 46 47 48 48 48 50 50 50 52 52 52 53 53 54 54
17 26 1 2 3 4 5 6 7 8 9 10 11 12 13 14 15 16 35 18 19 20 21 22 23 24 25 40 27 28 29 30 31 32 33 34 45 48 36 37 38 39 51 53 41 42 43 44 46 47 49 50 52 54
1 55 1 -6.84432950251580451e+02 -6.84432978960942137e+02 -6.84432935632873068e+02 -6.84432960999870716e+02 -6.84432942144769527e+02 -6.84432968163214127e+02 -6.84432955197613410e+02 -6.84432945958992832e+02 -6.84432938725460076e+02 -6.84432972775856342e+02 -6.84432964361020368e+02 -6.84432957957030226e+02 -6.84432952647225193e+02 -6.84432948029114414e+02 -6.84432943992642549e+02 -6.84432940390305475e+02 -6.84432937138379884e+02 -6.84432979674585340e+02 -6.84433015327821977e+02 -6.84432961710612972e+02 -6.84432993060315539e+02 -6.84432969633458129e+02 -6.84433002021562856e+02 -6.84432985815915345e+02 -6.84432974344209242e+02 -6.84432965459645402e+02 -6.84432935397147617e+02 -6.84432960761244544e+02 -6.84432921997841277e+02 -6.84432944953296214e+02 -6.84432927999643198e+02 -6.84432951293256906e+02 -6.84432939810105040e+02 -6.84432931491965633e+02 -6.84432924857759417e+02 -6.84432961236786355e+02 -6.84432992583587293e+02 -6.84432945425937532e+02 -6.84432972926998104e+02 -6.84432952440186796e+02 -6.84432942013710544e+02 -6.84432968788756057e+02 -6.84432928085057483e+02 -6.84432952072212288e+02 -6.84432934308523727e+02 -6.84432968564218072e+02 -6.84433001708922461e+02 -6.84432951929986643e+02 -6.84432955304405823e+02 -6.84432985209064327e+02 -6.84432940152623246e+02 -6.84432945889088387e+02 -6.84432973560661821e+02 -6.84432938537322570e+02 -6.84432964557865034e+02
custom
2.00000000000000011e-01 3.00000000000000000e+00
2.00000000000000011e-01 3.00000000000000000e+00
TASMANIAN SG end
