TASMANIAN SG 4.0
WARNING: do not edit this manually
localpolynomial
2 1 1 4
localp
1 2 55 0 0 0 1 0 2 0 3 0 4 0 5 0 6 0 7 0 8 0 9 0 10 0 11 0 12 0 13 0 14 0 15 0 16 1 0 1 1 1 2 1 3 1 4 1 5 1 6 1 7 1 8 2 0 2 1 2 2 2 3 2 4 2 5 2 6 2 7 2 8 3 0 3 1 3 2 3 3 3 4 4 0 4 1 4 2 4 3 4 4 5 0 5 1 5 2 6 0 6 1 6 2 7 0 7 1 8 0 8 1
1  -6.84167712572468417e+02 -8.18198359638699912e-04 3.62017444672346755e-04 1.24149576777199400e-04 2.36382593357120641e-05 6.53697575216938276e-05 1.36196215407835552e-05 7.28558256923861336e-06 4.74231262614921434e-06 2.70822220045374706e-05 7.65211905218166066e-06 3.91720720926969079e-06 2.84234965874929912e-06 2.01480827399791451e-06 1.62913408985332353e-06 1.28876502003549831e-06 1.08643882867909269e-06 -8.35124297509537428e-04 -2.72883626053044281e-04 1.01617616905969044e-04 4.28735191349005618e-05 8.93514430799768888e-06 1.84063653705379693e-05 5.52736861436642357e-06 2.91933622520446079e-06 1.59721929549050401e-06 3.67293245517430478e-04 1.01617616223848017e-04 -2.73149594249844085e-05 -2.14423553757114860e-05 -2.88559408545552287e-06 -1.12844526825028879e-05 -2.46562365191493882e-06 -1.02642559340893058e-06 -5.18738261234830134e-07 1.27159327576009673e-04 4.28735414743641741e-05 -2.14423623674520059e-05 -4.01439487518473470e-06 -1.52948777554229309e-06 2.38205060441032401e-05 8.93514334165956825e-06 -2.35107415846869117e-06 -1.52948680920417246e-06 -3.14418400648719398e-07 6.70586839532916201e-05 1.84064124937322049e-05 -1.12844663249234145e-05 1.45544142924336484e-05 5.52736270265086205e-06 -2.46562154870844097e-06 7.45632746657065582e-06 2.91933554308343446e-06 4.76765512757992838e-06 1.59721992076811148e-06
0
0
1 0
0 4 5 6 8 10 12 14 16 18 18 18 18 18 18 18 18 18 21 22 23 25 27 27 27 27 27 30 31 32 34 36 36 36 36 36 40 41 42 42 42 46 47 48 48 48 50 50 50 52 52 52 53 53 54 54
17 26 1 2 3 4 5 6 7 8 9 10 11 12 13 14 15 16 35 18 19 20 21 22 23 24 25 40 27 28 29 30 31 32 33 34 45 48 36 37 38 39 51 53 41 42 43 44 46 47 49 50 52 54
1 55 1 -6.84167712572468417e+02 -6.84168530770828056e+02 -6.84167350555023745e+02 -6.84167997522071460e+02 -6.84167507925486802e+02 -6.84168198776692179e+02 -6.84167841427648455e+02 -6.84167602963394984e+02 -6.84167424497942648e+02 -6.84168337691538227e+02 -6.84168090497262710e+02 -6.84167915557652691e+02 -6.84167774157708664e+02 -6.84167655753123427e+02 -6.84167553815306746e+02 -6.84167464922949648e+02 -6.84167386440044424e+02 -6.84168547696765927e+02 -6.84169638778751619e+02 -6.84168084061704349e+02 -6.84168926214662861e+02 -6.84168283305831437e+02 -6.84169198720584404e+02 -6.84168717808724296e+02 -6.84168405296379888e+02 -6.84168177344236028e+02 -6.84167345279222900e+02 -6.84168061859966315e+02 -6.84167010576737653e+02 -6.84167600862373206e+02 -6.84167157175314969e+02 -6.84167777275864864e+02 -6.84167461916800107e+02 -6.84167244968111959e+02 -6.84167079652452003e+02 -6.84168002975289596e+02 -6.84168914741920844e+02 -6.84167611591398781e+02 -6.84168317286663751e+02 -6.84167780707000475e+02 -6.84167505105339615e+02 -6.84168263559747743e+02 -6.84167159096448813e+02 -6.84167772433631399e+02 -6.84167310219850378e+02 -6.84168208277343865e+02 -6.84169191295239671e+02 -6.84167792052333994e+02 -6.84167843219464658e+02 -6.84168702674597398e+02 -6.84167468984418520e+02 -6.84167601382576549e+02 -6.84168386789624947e+02 -6.84167420424626016e+02 -6.84168156344981981e+02
custom
2.00000000000000011e-01 3.00000000000000000e+00
2.00000000000000011e-01 3.00000000000000000e+00
TASMANIAN SG end
