TASMANIAN SG 4.0
WARNING: do not edit this manually
localpolynomial
2 1 1 4
localp
1 2 55 0 0 0 1 0 2 0 3 0 4 0 5 0 6 0 7 0 8 0 9 0 10 0 11 0 12 0 13 0 14 0 15 0 16 1 0 1 1 1 2 1 3 1 4 1 5 1 6 1 7 1 8 2 0 2 1 2 2 2 3 2 4 2 5 2 6 2 7 2 8 3 0 3 1 3 2 3 3 3 4 4 0 4 1 4 2 4 3 4 4 5 0 5 1 5 2 6 0 6 1 6 2 7 0 7 1 8 0 8 1
1  -6.82790472645988416e+02 -5.50417171996286925e-03 2.22621697514568950e-03 9.16347398174366390e-04 1.60280476052321319e-04 4.97994440024740470e-04 9.64944795214250917e-05 4.99658900707800058e-05 3.17197882395703346e-05 2.03603555519293877e-04 5.66312839964666637e-05 2.69723529982002219e-05 2.05290090207199682e-05 1.37791383849616977e-05 1.11144618131220341e-05 8.64988180637737969e-06 7.20951470611908007e-06 -5.59992000432885106e-03 -2.17847571855145361e-03 6.86161361386439239e-04 4.05365753920250427e-04 6.38854783687747840e-05 1.79582317343829345e-04 4.77648454761947505e-05 2.18547925214807037e-05 1.07850600556957943e-05 2.25723221672069485e-03 6.86161367298154801e-04 -1.55839748231301201e-04 -1.68664781938332453e-04 -1.61337435429231846e-05 -9.65779235571062600e-05 -1.79157588036105153e-05 -6.06816627168882405e-06 -2.86115425751631847e-06 9.35479870236122224e-04 4.05365854760475486e-04 -1.68664795808126655e-04 -4.83514678535357234e-05 -1.44114911222459341e-05 1.60151348723047704e-04 6.38854784824616218e-05 -1.32709664626418089e-05 -1.44114879958578967e-05 -1.69194177601639240e-06 5.06905668657964270e-04 1.79582781100862121e-04 -9.65779886712425650e-05 1.03378074982174439e-04 4.77648017351839371e-05 -1.79157524087258935e-05 5.04523681001955993e-05 2.18547923793721566e-05 3.18007546411536168e-05 1.07850597999004094e-05
0
0
1 0
0 4 5 6 8 10 12 14 16 18 18 18 18 18 18 18 18 18 21 22 23 25 27 27 27 27 27 30 31 32 34 36 36 36 36 36 40 41 42 42 42 46 47 48 48 48 50 50 50 52 52 52 53 53 54 54
17 26 1 2 3 4 5 6 7 8 9 10 11 12 13 14 15 16 35 18 19 20 21 22 23 24 25 40 27 28 29 30 31 32 33 34 45 48 36 37 38 39 51 53 41 42 43 44 46 47 49 50 52 54
1 55 1 -6.82790472645988416e+02 -6.82795976817708379e+02 -6.82788246429013270e+02 -6.82792308384450166e+02 -6.82789199257024734e+02 -6.82793644606639191e+02 -6.82791294020739770e+02 -6.82789785985616504e+02 -6.82788691123230706e+02 -6.82794607108618266e+02 -6.82792919864260739e+02 -6.82791774230242027e+02 -6.82790862804355015e+02 -6.82790115536664189e+02 -6.82789481506858920e+02 -6.82788936540245913e+02 -6.82788461566607339e+02 -6.82796072565992745e+02 -6.82803755213431259e+02 -6.82793160187656213e+02 -6.82798592176559850e+02 -6.82794392210870001e+02 -6.82800496118238243e+02 -6.82797188111951300e+02 -6.82795160567748781e+02 -6.82793733694414868e+02 -6.82788215413771695e+02 -6.82793033424124360e+02 -6.82786145036544781e+02 -6.82789876736331848e+02 -6.82787036078425672e+02 -6.82791053663711523e+02 -6.82788967496331111e+02 -6.82787581848374998e+02 -6.82786561698851301e+02 -6.82792337126120287e+02 -6.82798525169844879e+02 -6.82789936493260257e+02 -6.82794360469175331e+02 -6.82790958997966300e+02 -6.82789183878531389e+02 -6.82794281084089107e+02 -6.82787048852396765e+02 -6.82790914877791010e+02 -6.82787965843801544e+02 -6.82793697940387801e+02 -6.82800453703188282e+02 -6.82791138012778333e+02 -6.82791301507979369e+02 -6.82797099850899940e+02 -6.82789005998814218e+02 -6.82789777809891802e+02 -6.82795056643738235e+02 -6.82788667845396958e+02 -6.82793614668292321e+02
custom
2.00000000000000011e-01 3.00000000000000000e+00
2.00000000000000011e-01 3.00000000000000000e+00
TASMANIAN SG end
