TASMANIAN SG 4.0
WARNING: do not edit this manually
localpolynomial
2 1 1 4
localp
1 2 55 0 0 0 1 0 2 0 3 0 4 0 5 0 6 0 7 0 8 0 9 0 10 0 11 0 12 0 13 0 14 0 15 0 16 1 0 1 1 1 2 1 3 1 4 1 5 1 6 1 7 1 8 2 0 2 1 2 2 2 3 2 4 2 5 2 6 2 7 2 8 3 0 3 1 3 2 3 3 3 4 4 0 4 1 4 2 4 3 4 4 5 0 5 1 5 2 6 0 6 1 6 2 7 0 7 1 8 0 8 1
1  -6.84386989575151119e+02 -1.53635165816012886e-04 7.31155207631672965e-05 2.13128998893807875e-05 4.38158383531117579e-06 1.09448831153713400e-05 2.43952035816619173e-06 1.33452590489469003e-06 8.89624743649619631e-07 4.63005460460408358e-06 1.30763214656326454e-06 7.23696530258166604e-07 4.96207917421997990e-07 3.77276478502608370e-07 3.03930733025481459e-07 2.41719703808485065e-07 2.07004859476001002e-07 -1.57162269488253514e-04 -4.37669682469277177e-05 1.86437650881998707e-05 5.95544190673535923e-06 1.51295762407244183e-06 2.51882403290437651e-06 8.16510294043837348e-07 4.68731855107762385e-07 2.82396626971603837e-07 7.42436939162871568e-05 1.86437649745130329e-05 -5.88672105550358538e-06 -3.34680015612320858e-06 -5.87875206292665098e-07 -1.68389050259065698e-06 -4.11300334235420451e-07 -1.99932060240826104e-07 -1.11164808913599700e-07 2.19073164089422789e-05 5.95544634052203037e-06 -3.34680146352184238e-06 -4.45777004642877728e-07 -2.11580470477201743e-07 4.44746797256811988e-06 1.51295705563825322e-06 -4.77356934425188228e-07 -2.11580669429167756e-07 -5.62366153644688893e-08 1.13113947008969262e-05 2.51883045621070778e-06 -1.68389271948399255e-06 2.57516558122006245e-06 8.16509555079392157e-07 -4.11300561609095894e-07 1.37233564601046965e-06 4.68732025638018968e-07 9.00601435205317102e-07 2.82396797501860419e-07
0
0
1 0
0 4 5 6 8 10 12 14 16 18 18 18 18 18 18 18 18 18 21 22 23 25 27 27 27 27 27 30 31 32 34 36 36 36 36 36 40 41 42 42 42 46 47 48 48 48 50 50 50 52 52 52 53 53 54 54
17 26 1 2 3 4 5 6 7 8 9 10 11 12 13 14 15 16 35 18 19 20 21 22 23 24 25 40 27 28 29 30 31 32 33 34 45 48 36 37 38 39 51 53 41 42 43 44 46 47 49 50 52 54
1 55 1 -6.84386989575151119e+02 -6.84387143210316935e+02 -6.84386916459630356e+02 -6.84387045079834138e+02 -6.84386948635806903e+02 -6.84387083200192365e+02 -6.84387014887972327e+02 -6.84386967770953220e+02 -6.84386931658093772e+02 -6.84387108575200045e+02 -6.84387062832381162e+02 -6.84387029260206759e+02 -6.84387001735353806e+02 -6.84386978295775634e+02 -6.84386957899449271e+02 -6.84386939905230747e+02 -6.84386923851857205e+02 -6.84387146737420608e+02 -6.84387344139554671e+02 -6.84387054978134756e+02 -6.84387218170145843e+02 -6.84387094963236223e+02 -6.84387267691143165e+02 -6.84387179197752630e+02 -6.84387119047070655e+02 -6.84387073798664005e+02 -6.84386915331457203e+02 -6.84387050322858045e+02 -6.84386848102657495e+02 -6.84386964861057891e+02 -6.84386877923348720e+02 -6.84386998330965298e+02 -6.84386938068037580e+02 -6.84386895492809231e+02 -6.84386862234543059e+02 -6.84387046248969455e+02 -6.84387215812173054e+02 -6.84386967158367611e+02 -6.84387107185727473e+02 -6.84387001777186356e+02 -6.84386948005836189e+02 -6.84387090806162405e+02 -6.84386878311032888e+02 -6.84386999978080212e+02 -6.84386909127024978e+02 -6.84387085181800330e+02 -6.84387266145638705e+02 -6.84387001440749259e+02 -6.84387015336894819e+02 -6.84387176119569858e+02 -6.84386939645134021e+02 -6.84386967418157951e+02 -6.84387115167171942e+02 -6.84386930768045204e+02 -6.84387069381511992e+02
custom
2.00000000000000011e-01 3.00000000000000000e+00
2.00000000000000011e-01 3.00000000000000000e+00
TASMANIAN SG end
