TASMANIAN SG 4.0
WARNING: do not edit this manually
localpolynomial
2 1 1 4
localp
1 2 59 0 0 0 1 0 2 0 3 0 4 0 5 0 6 0 7 0 8 0 9 0 10 0 11 0 12 0 13 0 14 0 15 0 16 1 0 1 1 1 2 1 3 1 4 1 5 1 6 1 7 1 8 2 0 2 1 2 2 2 3 2 4 2 5 2 6 2 7 2 8 3 0 3 1 3 2 3 3 3 4 4 0 4 1 4 2 4 3 4 4 5 0 5 1 5 2 6 0 6 1 6 2 7 0 7 1 7 2 8 0 8 1 8 2 9 0 10 0
1  -6.82376632233864257e+02 -6.98269842587251333e-03 2.79106177515586751e-03 1.17519775972141360e-03 2.03493253366104909e-04 6.41183018842639285e-04 1.23273659028200200e-04 6.35196020084549673e-05 4.01863861725360039e-05 2.61992084688245086e-04 7.26381936146935914e-05 3.43225149208592484e-05 2.62869291418610374e-05 1.75152988504123641e-05 1.41279173249131418e-05 1.09699403765262105e-05 9.12033112854260253e-06 -7.10090864254198095e-03 -2.82119937537572696e-03 8.69696918130102858e-04 5.36210814061632846e-04 8.11928379675919132e-05 2.38756227076919458e-04 6.23354982280943659e-05 2.79184280316258082e-05 1.36185207679773157e-05 2.82976775554288906e-03 8.69696925064999959e-04 -1.93543063801371318e-04 -2.17248009676040965e-04 -1.99622359673412575e-05 -1.25921026494779653e-04 -2.28686718060089333e-05 -7.56236380539121456e-06 -3.54069356944819447e-06 1.19836058547662105e-03 5.36210927862157405e-04 -2.17248022863714141e-04 -6.59771749838000687e-05 -1.89632185367827333e-05 2.03171233351895353e-04 8.11928384223392641e-05 -1.61512668341856624e-05 -1.89632152967078582e-05 -2.04067458753343089e-06 6.52507299264470930e-04 2.38756844112231192e-04 -1.25921100845971523e-04 1.32440106426656712e-04 6.23354457616187574e-05 -2.28686649847986700e-05 6.39413324279303197e-05 2.79184284579514497e-05 -4.13332421089762647e-06 4.02756012363170157e-05 1.36185203984950931e-05 -2.52635967967762554e-06 -3.08148173644440249e-09 1.41015020744816866e-05
0
0
1 0
0 4 5 6 8 10 12 14 16 18 18 18 18 18 18 18 18 18 21 22 23 25 27 27 27 27 27 30 31 32 34 36 36 36 36 36 40 41 42 42 42 46 47 48 48 48 52 52 52 54 54 54 56 56 56 58 58 58 58 58
17 26 1 2 3 4 5 6 7 8 9 10 11 12 13 14 15 16 35 18 19 20 21 22 23 24 25 40 27 28 29 30 31 32 33 34 45 48 36 37 38 39 51 54 41 42 43 44 57 58 46 47 49 50 52 53 55 56
1 59 1 -6.82376632233864257e+02 -6.82383614932290129e+02 -6.82373841172089101e+02 -6.82378948385317472e+02 -6.82375033209723256e+02 -6.82380640475784958e+02 -6.82377667035931836e+02 -6.82375769202191805e+02 -6.82374397004520006e+02 -6.82381865711952969e+02 -6.82379721792357486e+02 -6.82378273388109733e+02 -6.82377123347968791e+02 -6.82376183202729180e+02 -6.82375387078040148e+02 -6.82374704137181197e+02 -6.82374109967973595e+02 -6.82383733142506799e+02 -6.82393537040308047e+02 -6.82380072383813513e+02 -6.82386923682833640e+02 -6.82381618077068765e+02 -6.82389350422324924e+02 -6.82385142803512963e+02 -6.82382584171757799e+02 -6.82380791425534198e+02 -6.82373802466108714e+02 -6.82379915467609521e+02 -6.82371204947397359e+02 -6.82375901017109072e+02 -6.82372320175735695e+02 -6.82377392980366949e+02 -6.82374751336621671e+02 -6.82373005363684001e+02 -6.82371725915873867e+02 -6.82378984327600051e+02 -6.82386841414785749e+02 -6.82375975665388637e+02 -6.82381535545201132e+02 -6.82377254870040588e+02 -6.82375014178753190e+02 -6.82381480835878051e+02 -6.82372336039776656e+02 -6.82377199896776006e+02 -6.82373483637804156e+02 -6.82380706227754217e+02 -6.82389297963403465e+02 -6.82377497438402656e+02 -6.82377675840625784e+02 -6.82385033397985808e+02 -6.82374798847297484e+02 -6.82375759264976296e+02 -6.82382456024323119e+02 -6.82373028797924690e+02 -6.82374368046829659e+02 -6.82380644257622180e+02 -6.82371732744345536e+02 -6.82382219688211990e+02 -6.82379831176175003e+02
custom
2.00000000000000011e-01 3.00000000000000000e+00
2.00000000000000011e-01 3.00000000000000000e+00
TASMANIAN SG end
