TASMANIAN SG 4.0
WARNING: do not edit this manually
localpolynomial
2 1 1 4
localp
1 2 59 0 0 0 1 0 2 0 3 0 4 0 5 0 6 0 7 0 8 0 9 0 10 0 11 0 12 0 13 0 14 0 15 0 16 1 0 1 1 1 2 1 3 1 4 1 5 1 6 1 7 1 8 2 0 2 1 2 2 2 3 2 4 2 5 2 6 2 7 2 8 3 0 3 1 3 2 3 3 3 4 4 0 4 1 4 2 4 3 4 4 5 0 5 1 5 2 6 0 6 1 6 2 7 0 7 1 7 2 8 0 8 1 8 2 9 0 10 0
1  -6.83121516378044817e+02 -4.33841024482717330e-03 1.77530294195094029e-03 7.14347887083022215e-04 1.26231530543918780e-04 3.86680189194521517e-04 7.55407629640103551e-05 3.93005374235144700e-05 2.50296913009151467e-05 1.58227324277504522e-04 4.41399116652974044e-05 2.11971441785863135e-05 1.60331404686075985e-05 1.08388085209298879e-05 8.74389047567092348e-06 6.81984693073900416e-06 5.69624739910068456e-06 -4.41584910367964767e-03 -1.68174687473765516e-03 5.41186441296304110e-04 3.06366904055721534e-04 5.01954759783984628e-05 1.35075085040625709e-04 3.65695671007415513e-05 1.70805543575625052e-05 8.53143944823386846e-06 1.80015213993556245e-03 5.41186446071151295e-04 -1.25233968105931126e-04 -1.30803031424875371e-04 -1.30414668433331826e-05 -7.40145972599748347e-05 -1.40255278324730170e-05 -4.87082138533878606e-06 -2.31287248197986628e-06 7.29464093524256896e-04 3.06366991026152391e-04 -1.30803045522043249e-04 -3.54336231680463243e-05 -1.09350411321429419e-05 1.26243103750312002e-04 5.01954756941813685e-05 -1.06747652921512781e-05 -1.09350381478634517e-05 -1.39587689318432240e-06 3.94009148067198112e-04 1.35075434002374095e-04 -7.40146528528384806e-05 8.10288704542472260e-05 3.65695312325442501e-05 -1.40255219207574555e-05 3.97868374193421914e-05 1.70805537607066071e-05 -1.10827525645618152e-06 2.50982067200311576e-05 8.53143970402925333e-06 -8.49606607289388194e-07 -1.73361058841692284e-09 4.37793300989142153e-06
0
0
1 0
0 4 5 6 8 10 12 14 16 18 18 18 18 18 18 18 18 18 21 22 23 25 27 27 27 27 27 30 31 32 34 36 36 36 36 36 40 41 42 42 42 46 47 48 48 48 52 52 52 54 54 54 56 56 56 58 58 58 58 58
17 26 1 2 3 4 5 6 7 8 9 10 11 12 13 14 15 16 35 18 19 20 21 22 23 24 25 40 27 28 29 30 31 32 33 34 45 48 36 37 38 39 51 54 41 42 43 44 57 58 46 47 49 50 52 53 55 56
1 59 1 -6.83121516378044817e+02 -6.83125854788289644e+02 -6.83119741075102866e+02 -6.83122971235280147e+02 -6.83120502495043297e+02 -6.83124026331595815e+02 -6.83122168265899518e+02 -6.83120970136006576e+02 -6.83120096755381724e+02 -6.83124782332618452e+02 -6.83123454643526202e+02 -6.83122548553445654e+02 -6.83121826288831699e+02 -6.83121232418217232e+02 -6.83120727571634461e+02 -6.83120292805365580e+02 -6.83119913218994839e+02 -6.83125932227148496e+02 -6.83131952384268061e+02 -6.83123615737765249e+02 -6.83127921590917140e+02 -6.83124597555450350e+02 -6.83129415232318365e+02 -6.83126814798702753e+02 -6.83125208510207585e+02 -6.83124073085476994e+02 -6.83119716225904881e+02 -6.83123513449703637e+02 -6.83118066156931036e+02 -6.83121031292948601e+02 -6.83118778001354258e+02 -6.83121959705734184e+02 -6.83120312244191496e+02 -6.83119212683913588e+02 -6.83118399362323771e+02 -6.83122994838503132e+02 -6.83127867755194302e+02 -6.83121079745386055e+02 -6.83124599199132831e+02 -6.83121896897717193e+02 -6.83120490058871155e+02 -6.83124507680417196e+02 -6.83118788047678436e+02 -6.83121860858310924e+02 -6.83119520738354595e+02 -6.83124069523677690e+02 -6.83129380985149055e+02 -6.83122027747080438e+02 -6.83122174579403577e+02 -6.83126743673340343e+02 -6.83120343406895927e+02 -6.83120963431620567e+02 -6.83125124366962154e+02 -6.83119225882828459e+02 -6.83120078044181241e+02 -6.83123976935414021e+02 -6.83118402853704652e+02 -6.83125000877146704e+02 -6.83123527803157458e+02
custom
2.00000000000000011e-01 3.00000000000000000e+00
2.00000000000000011e-01 3.00000000000000000e+00
TASMANIAN SG end
