TASMANIAN SG 4.0
WARNING: do not edit this manually
localpolynomial
2 1 1 4
localp
1 2 55 0 0 0 1 0 2 0 3 0 4 0 5 0 6 0 7 0 8 0 9 0 10 0 11 0 12 0 13 0 14 0 15 0 16 1 0 1 1 1 2 1 3 1 4 1 5 1 6 1 7 1 8 2 0 2 1 2 2 2 3 2 4 2 5 2 6 2 7 2 8 3 0 3 1 3 2 3 3 3 4 4 0 4 1 4 2 4 3 4 4 5 0 5 1 5 2 6 0 6 1 6 2 7 0 7 1 8 0 8 1
1  -6.84267613829602965e+02 -5.07611247144268418e-04 2.29436623158107977e-04 7.51358285242531565e-05 1.46232798670098418e-05 3.92645600868490874e-05 8.34199727250961587e-06 4.49240110356186051e-06 2.94372580356139224e-06 1.63532564556589932e-05 4.62579953364183893e-06 2.41598866068670759e-06 1.73177477336139418e-06 1.24591474559565540e-06 1.00760894383711275e-06 7.99754161562304944e-07 6.76103582009091042e-07 -5.18468359018697811e-04 -1.61949747280232259e-04 6.27535102921683574e-05 2.44031504053054960e-05 5.39908830887725344e-06 1.04190158936035004e-05 3.20496417316462612e-06 1.74138506281451555e-06 9.78607431534328498e-07 2.32831577363867837e-04 6.27535097237341688e-05 -1.76542996541684261e-05 -1.26783900782356795e-05 -1.85197052360308589e-06 -6.56266689702533768e-06 -1.48685228396061575e-06 -6.49863409307727125e-07 -3.36153448188269977e-07 7.70160633010164020e-05 2.44031650140641432e-05 -1.26783947393960261e-05 -2.15097324485213903e-06 -8.66117630948792794e-07 1.47691474694511271e-05 5.39908756991280825e-06 -1.50408476429220173e-06 -8.66116806719219312e-07 -1.96778756844651070e-07 4.03686732397545711e-05 1.04190426952754933e-05 -6.56267528142961964e-06 8.89772923073905986e-06 3.20496067729436618e-06 -1.48685111867052910e-06 4.60675050817371812e-06 1.74138475017571182e-06 2.96393125154281734e-06 9.78607857859969954e-07
0
0
1 0
0 4 5 6 8 10 12 14 16 18 18 18 18 18 18 18 18 18 21 22 23 25 27 27 27 27 27 30 31 32 34 36 36 36 36 36 40 41 42 42 42 46 47 48 48 48 50 50 50 52 52 52 53 53 54 54
17 26 1 2 3 4 5 6 7 8 9 10 11 12 13 14 15 16 35 18 19 20 21 22 23 24 25 40 27 28 29 30 31 32 33 34 45 48 36 37 38 39 51 53 41 42 43 44 46 47 49 50 52 54
1 55 1 -6.84267613829602965e+02 -6.84268121440850109e+02 -6.84267384392979807e+02 -6.84267792499398070e+02 -6.84267484488011519e+02 -6.84267917705564059e+02 -6.84267694822503131e+02 -6.84267544666406138e+02 -6.84267431496769859e+02 -6.84268003219950515e+02 -6.84267850476681360e+02 -6.84267741244961940e+02 -6.84267652594278388e+02 -6.84267578002089749e+02 -6.84267513569599942e+02 -6.84267457192636584e+02 -6.84267407268771194e+02 -6.84268132297961984e+02 -6.84268801858956408e+02 -6.84267840107828533e+02 -6.84268367539480323e+02 -6.84267966180527083e+02 -6.84268535015642442e+02 -6.84268238371759708e+02 -6.84268043005458367e+02 -6.84267899221844573e+02 -6.84267380998025601e+02 -6.84267825855763022e+02 -6.84267169215702097e+02 -6.84267540969455808e+02 -6.84267262335554506e+02 -6.84267650710716339e+02 -6.84267454128595659e+02 -6.84267317824252359e+02 -6.84267213168055946e+02 -6.84267796047719116e+02 -6.84268360230674944e+02 -6.84267547912735608e+02 -6.84267992952766690e+02 -6.84267655523520943e+02 -6.84267482644666870e+02 -6.84267953480071469e+02 -6.84267263539278247e+02 -6.84267650131852520e+02 -6.84267359591456625e+02 -6.84267923804167367e+02 -6.84268530257099769e+02 -6.84267660204284198e+02 -6.84267696040931810e+02 -6.84268228733072647e+02 -6.84267458741979567e+02 -6.84267543630384353e+02 -6.84268031112325616e+02 -6.84267428857414984e+02 -6.84267885725378164e+02
custom
2.00000000000000011e-01 3.00000000000000000e+00
2.00000000000000011e-01 3.00000000000000000e+00
TASMANIAN SG end
