TASMANIAN SG 4.0
WARNING: do not edit this manually
localpolynomial
2 1 1 4
localp
1 2 57 0 0 0 1 0 2 0 3 0 4 0 5 0 6 0 7 0 8 0 9 0 10 0 11 0 12 0 13 0 14 0 15 0 16 1 0 1 1 1 2 1 3 1 4 1 5 1 6 1 7 1 8 2 0 2 1 2 2 2 3 2 4 2 5 2 6 2 7 2 8 3 0 3 1 3 2 3 3 3 4 4 0 4 1 4 2 4 3 4 4 5 0 5 1 5 2 6 0 6 1 6 2 7 0 7 1 7 2 8 0 8 1 8 2
1  -6.81212550720019408e+02 -1.12357211569360516e-02 4.38415578582862508e-03 1.93162487335030164e-03 3.27910790588248346e-04 1.06201976450392976e-03 2.01276307052467018e-04 1.02638088378625980e-04 6.44299033183415304e-05 4.33801957569812657e-04 1.19412862659373786e-04 5.55979358978220262e-05 4.31059706897940487e-05 2.82944388345640618e-05 2.28303358653647592e-05 1.76360790646867827e-05 1.45690028148237616e-05 -1.14126273249439691e-02 -4.72781756718632096e-03 1.39603902357521292e-03 9.37433621913896786e-04 1.30579238543759857e-04 4.22033410870881198e-04 1.05884962749769329e-04 4.53316249604540644e-05 2.16467523159735720e-05 4.44677207440236089e-03 1.39603903119223105e-03 -2.99340997457875346e-04 -3.59213530884971988e-04 -3.05900635453326686e-05 -2.13514501922418276e-04 -3.71946767927511246e-05 -1.17449773142652703e-05 -5.43172399147806573e-06 1.96886412129515520e-03 9.37433753961158800e-04 -3.59213539582015073e-04 -1.22840537386537108e-04 -3.26648183772704215e-05 3.28101367585986736e-04 1.30579238941663789e-04 -2.42807531662947440e-05 -3.26648145119179389e-05 -2.90475361452990910e-06 1.07905250661133323e-03 4.22034501298185205e-04 -2.13514589859187254e-04 2.15607205973356031e-04 1.05884893400798319e-04 -3.71946706536618876e-05 1.04397328982486215e-04 4.53316262394309888e-05 -2.67535457965095702e-06 6.45670560288635897e-05 2.16467516054308362e-05 -1.95269640812512080e-06
0
0
1 0
0 4 5 6 8 10 12 14 16 18 18 18 18 18 18 18 18 18 21 22 23 25 27 27 27 27 27 30 31 32 34 36 36 36 36 36 40 41 42 42 42 46 47 48 48 48 50 50 50 52 52 52 54 54 54 56 56 56
17 26 1 2 3 4 5 6 7 8 9 10 11 12 13 14 15 16 35 18 19 20 21 22 23 24 25 40 27 28 29 30 31 32 33 34 45 48 36 37 38 39 51 54 41 42 43 44 46 47 49 50 52 53 55 56
1 57 1 -6.81212550720019408e+02 -6.81223786441176344e+02 -6.81208166564233579e+02 -6.81216236955724526e+02 -6.81210030731335905e+02 -6.81218949678685931e+02 -6.81214192561564914e+02 -6.81211188087589335e+02 -6.81209034217881367e+02 -6.81220934257973568e+02 -6.81217473904342569e+02 -6.81215159160708936e+02 -6.81213328534821358e+02 -6.81211841109365650e+02 -6.81210586579126812e+02 -6.81209514838529458e+02 -6.81208585822054715e+02 -6.81223963347344352e+02 -6.81239926886068474e+02 -6.81218183152534948e+02 -6.81229076058211149e+02 -6.81220614759910518e+02 -6.81233017418964437e+02 -6.81226212541507948e+02 -6.81222141083914039e+02 -6.81219312879567042e+02 -6.81208103947945006e+02 -6.81217943630070749e+02 -6.81204019133156635e+02 -6.81211451377665412e+02 -6.81205764219823777e+02 -6.81213848998605499e+02 -6.81209613581174949e+02 -6.81206843190773384e+02 -6.81204832678310822e+02 -6.81216288169560585e+02 -6.81228950365747096e+02 -6.81211565207802551e+02 -6.81220341766506976e+02 -6.81213566153090028e+02 -6.81209999232614678e+02 -6.81220406355017076e+02 -6.81205789028080744e+02 -6.81213483440522396e+02 -6.81207584419342425e+02 -6.81219046705945857e+02 -6.81232937538899932e+02 -6.81214008642251997e+02 -6.81214203837583909e+02 -6.81226046911362346e+02 -6.81209687473482859e+02 -6.81211170578988003e+02 -6.81221946669141516e+02 -6.81206876074182787e+02 -6.81208987023223813e+02 -6.81219088778736250e+02 -6.81204841466259040e+02
custom
2.00000000000000011e-01 3.00000000000000000e+00
2.00000000000000011e-01 3.00000000000000000e+00
TASMANIAN SG end
