TASMANIAN SG 4.0
WARNING: do not edit this manually
localpolynomial
2 1 1 4
localp
1 2 55 0 0 0 1 0 2 0 3 0 4 0 5 0 6 0 7 0 8 0 9 0 10 0 11 0 12 0 13 0 14 0 15 0 16 1 0 1 1 1 2 1 3 1 4 1 5 1 6 1 7 1 8 2 0 2 1 2 2 2 3 2 4 2 5 2 6 2 7 2 8 3 0 3 1 3 2 3 3 3 4 4 0 4 1 4 2 4 3 4 4 5 0 5 1 5 2 6 0 6 1 6 2 7 0 7 1 8 0 8 1
1  -6.84415372995217240e+02 -7.49118103158252779e-05 3.67253188642280293e-05 9.97406743863393785e-06 2.11751580536656547e-06 5.07537208704889053e-06 1.16159333174437052e-06 6.41291308056679554e-07 4.31922671850770712e-07 2.16901707972283475e-06 6.10689539826125838e-07 3.54399844582076184e-07 2.29980969379539602e-07 1.86705506166617852e-07 1.49144739225448575e-07 1.17554009193554521e-07 1.02316562333726324e-07 -7.66944665429036831e-05 -1.99091732611123007e-05 8.94905633685993962e-06 2.55711086083465489e-06 7.05175125403911807e-07 1.07994895870433538e-06 3.60197134341433411e-07 2.10227767638571095e-07 1.32970626509631984e-07 3.73056268472282682e-05 8.94905645054677734e-06 -3.01841623695509043e-06 -1.48046132153467624e-06 -2.84430029751092661e-07 -7.44315343581547495e-07 -1.86883710284746485e-07 -9.51579295360716060e-08 -5.63138655707007274e-08 1.02745202639198396e-05 2.55711313457140932e-06 -1.48046160575177055e-06 -1.68524309174244991e-07 -9.45495912674232386e-08 2.15357920296810335e-06 7.05175011717074085e-07 -2.30666614697838668e-07 -9.45496765325515298e-08 -2.46596982833580114e-08 5.26099711350980215e-06 1.07995214193579159e-06 -7.44316082545992685e-07 1.21484936244087294e-06 3.60197248028271133e-07 -1.86883710284746485e-07 6.58803514852479566e-07 2.10227824481989956e-07 4.39459995504876133e-07 1.32970683353050845e-07
0
0
1 0
0 4 5 6 8 10 12 14 16 18 18 18 18 18 18 18 18 18 21 22 23 25 27 27 27 27 27 30 31 32 34 36 36 36 36 36 40 41 42 42 42 46 47 48 48 48 50 50 50 52 52 52 53 53 54 54
17 26 1 2 3 4 5 6 7 8 9 10 11 12 13 14 15 16 35 18 19 20 21 22 23 24 25 40 27 28 29 30 31 32 33 34 45 48 36 37 38 39 51 53 41 42 43 44 46 47 49 50 52 54
1 55 1 -6.84415372995217240e+02 -6.84415447907027556e+02 -6.84415336269898376e+02 -6.84415400477054959e+02 -6.84415352515042059e+02 -6.84415419116669227e+02 -6.84415385574542825e+02 -6.84415362113838341e+02 -6.84415343960547489e+02 -6.84415431342831425e+02 -6.84415409186172610e+02 -6.84415392671398990e+02 -6.84415379054898949e+02 -6.84415367367822228e+02 -6.84415357165295518e+02 -6.84415348120240651e+02 -6.84415340012906427e+02 -6.84415449689683783e+02 -6.84415544510667360e+02 -6.84415404015308582e+02 -6.84415484568997272e+02 -6.84415424029805308e+02 -6.84415508384511213e+02 -6.84415465607550004e+02 -6.84415436008225470e+02 -6.84415413457663590e+02 -6.84415335689590393e+02 -6.84415401652344258e+02 -6.84415301982687765e+02 -6.84415360177361208e+02 -6.84415317003053360e+02 -6.84415376583795933e+02 -6.84415346958766122e+02 -6.84415325800188498e+02 -6.84415309117261700e+02 -6.84415401067930247e+02 -6.84415483377214059e+02 -6.84415361348544820e+02 -6.84415431138473650e+02 -6.84415378832683700e+02 -6.84415352188824613e+02 -6.84415421920931749e+02 -6.84415317203380482e+02 -6.84415377915591080e+02 -6.84415332745461569e+02 -6.84415420117809845e+02 -6.84415507602991397e+02 -6.84415378165245670e+02 -6.84415385816724324e+02 -6.84415464067074254e+02 -6.84415347781255946e+02 -6.84415361933217355e+02 -6.84415434044948370e+02 -6.84415343499747451e+02 -6.84415411214207325e+02
custom
2.00000000000000011e-01 3.00000000000000000e+00
2.00000000000000011e-01 3.00000000000000000e+00
TASMANIAN SG end
