TASMANIAN SG 4.0
WARNING: do not edit this manually
localpolynomial
2 1 1 4
localp
1 2 55 0 0 0 1 0 2 0 3 0 4 0 5 0 6 0 7 0 8 0 9 0 10 0 11 0 12 0 13 0 14 0 15 0 16 1 0 1 1 1 2 1 3 1 4 1 5 1 6 1 7 1 8 2 0 2 1 2 2 2 3 2 4 2 5 2 6 2 7 2 8 3 0 3 1 3 2 3 3 3 4 4 0 4 1 4 2 4 3 4 4 5 0 5 1 5 2 6 0 6 1 6 2 7 0 7 1 8 0 8 1
1  -6.83386328632771438e+02 -3.41930586205307918e-03 1.41542294261398638e-03 5.56747093355625111e-04 9.94053134490968660e-05 3.00171067010523984e-04 5.91418008752953028e-05 3.09079420048874454e-05 1.97458564343833132e-05 1.22963508147222456e-04 3.43943170264537912e-05 1.66583897680538939e-05 1.25224984230953851e-05 8.52497873893298674e-06 6.87887347794458037e-06 5.37658536359231221e-06 4.49877916253171861e-06 -3.48185045800164517e-03 -1.29795065868165693e-03 4.26693984991288744e-04 2.31486293841953739e-04 3.93832963254681090e-05 1.01599289337173104e-04 2.79760870398604311e-05 1.33283714376375428e-05 6.74071054618252674e-06 1.43532952802161162e-03 4.26693988856641226e-04 -1.00793596402581898e-04 -1.01331939617921307e-04 -1.05390812450423255e-05 -5.66810067539336160e-05 -1.09713772644681740e-05 -3.90819332096725702e-06 -1.86996635420655366e-06 5.68936774925532518e-04 2.31486367852085095e-04 -1.01331953260341834e-04 -2.59661614450124034e-05 -8.28499213412214885e-06 9.95117341062723426e-05 3.93832957570339204e-05 -8.64986520809907233e-06 -8.28498946248146240e-06 -1.14506417503434932e-06 3.06056721228742390e-04 1.01599551669551147e-04 -5.66810534223805007e-05 6.33651247881061863e-05 2.79760584476207441e-05 -1.09713720917170576e-05 3.13595166971936123e-05 1.33283710397336108e-05 1.98029604234761791e-05 6.74071071671278332e-06
0
0
1 0
0 4 5 6 8 10 12 14 16 18 18 18 18 18 18 18 18 18 21 22 23 25 27 27 27 27 27 30 31 32 34 36 36 36 36 36 40 41 42 42 42 46 47 48 48 48 50 50 50 52 52 52 53 53 54 54
17 26 1 2 3 4 5 6 7 8 9 10 11 12 13 14 15 16 35 18 19 20 21 22 23 24 25 40 27 28 29 30 31 32 33 34 45 48 36 37 38 39 51 53 41 42 43 44 46 47 49 50 52 54
1 55 1 -6.83386328632771438e+02 -6.83389747938633491e+02 -6.83384913209828824e+02 -6.83387481538609109e+02 -6.83385521515986738e+02 -6.83388314567554289e+02 -6.83386845943889284e+02 -6.83385894166437083e+02 -6.83385197617051290e+02 -6.83388908289585743e+02 -6.83387863658764672e+02 -6.83387147082859542e+02 -6.83386574765831938e+02 -6.83386102874625522e+02 -6.83385700962338433e+02 -6.83385354189933651e+02 -6.83385050914660951e+02 -6.83389810483229439e+02 -6.83394527739750174e+02 -6.83387968366301834e+02 -6.83391380878102609e+02 -6.83388750636155805e+02 -6.83392552538570158e+02 -6.83390508562777995e+02 -6.83389236323379237e+02 -6.83388333014661839e+02 -6.83384893303243416e+02 -6.83387885915116613e+02 -6.83383578673897205e+02 -6.83385934194026277e+02 -6.83384147122338163e+02 -6.83386666564511188e+02 -6.83385365578211236e+02 -6.83384493213042106e+02 -6.83383845022227547e+02 -6.83387500621225513e+02 -6.83391337416049055e+02 -6.83385973183243664e+02 -6.83388772494558452e+02 -6.83386626090265167e+02 -6.83385511456273321e+02 -6.83388678031845188e+02 -6.83384155079994116e+02 -6.83386596947925113e+02 -6.83384740277425067e+02 -6.83388349495506191e+02 -6.83392524921626659e+02 -6.83386721399104999e+02 -6.83386851261873744e+02 -6.83390451336158094e+02 -6.83385390802783604e+02 -6.83385888685005739e+02 -6.83389168297351716e+02 -6.83385182576798002e+02 -6.83388255429809760e+02
custom
2.00000000000000011e-01 3.00000000000000000e+00
2.00000000000000011e-01 3.00000000000000000e+00
TASMANIAN SG end
