TASMANIAN SG 4.0
WARNING: do not edit this manually
localpolynomial
2 5 1 3
localp
1 2 12 0 0 0 1 0 2 1 0 2 0 2 1 2 2 2 3 2 4 4 0 7 0 8 0
1  0.00000000000000000e+00 0.00000000000000000e+00 0.00000000000000000e+00 0.00000000000000000e+00 0.00000000000000000e+00 0.00000000000000000e+00 0.00000000000000000e+00 0.00000000000000000e+00 0.00000000000000000e+00 0.00000000000000000e+00 0.00000000000000000e+00 0.00000000000000000e+00 0.00000000000000000e+00 0.00000000000000000e+00 0.00000000000000000e+00 -nan 6.01346930292692450e-154 6.01347001699906849e-154 5.37625006823567843e+241 1.69375777791519033e+190 2.32160959976568482e-152 3.09391799931533012e+169 5.72769861447806256e+188 0.00000000000000000e+00 0.00000000000000000e+00 -2.32160959976568482e-152 -3.09391799931533012e+169 -5.72769861447806256e+188 0.00000000000000000e+00 0.00000000000000000e+00 -2.32160959976568482e-152 -3.09391799931533012e+169 -5.72769861447806256e+188 0.00000000000000000e+00 0.00000000000000000e+00 -1.16080479988284241e-152 -1.54695899965766506e+169 -2.86384930723903128e+188 0.00000000000000000e+00 0.00000000000000000e+00 -1.16080479988284241e-152 -1.54695899965766506e+169 -2.86384930723903128e+188 0.00000000000000000e+00 0.00000000000000000e+00 -1.16080479988284241e-152 -1.54695899965766506e+169 -2.86384930723903128e+188 0.00000000000000000e+00 0.00000000000000000e+00 0.00000000000000000e+00 0.00000000000000000e+00 0.00000000000000000e+00 0.00000000000000000e+00 0.00000000000000000e+00 -1.16080479988284241e-152 -1.54695899965766506e+169 -2.86384930723903190e+188 0.00000000000000000e+00 0.00000000000000000e+00
0
0
1 0
0 4 4 4 4 7 8 9 9 9 11 11 11
3 4 1 2 9 5 6 7 8 10 11
5 12 1 0.00000000000000000e+00 0.00000000000000000e+00 0.00000000000000000e+00 0.00000000000000000e+00 0.00000000000000000e+00 0.00000000000000000e+00 2.07507571253323549e-322 0.00000000000000000e+00 6.89957641406455543e-310 6.89957641406455543e-310 2.33419537579296104e-313 8.48798316587687710e-311 4.94065645841246544e-324 6.89957641503845763e-310 2.76676761671098065e-322 -nan 6.01346930292692450e-154 6.01347001699906849e-154 5.37625006823567843e+241 1.69375777791519033e+190 2.32160959976568482e-152 3.09391799931533012e+169 5.72769861447806256e+188 8.61417060092099818e-316 4.94065645841246544e-324 6.89957624743622274e-310 6.89957624743622274e-310 6.89957624743622274e-310 6.89957624743622274e-310 6.89957624743622274e-310 6.89957624743622274e-310 6.89957624743622274e-310 6.89957624743622274e-310 6.89957624743622274e-310 6.89957624743622274e-310 6.89957624743622274e-310 6.89957624743622274e-310 6.89957624743622274e-310 6.89957624743622274e-310 6.89957624743622274e-310 6.89957624743622274e-310 6.89957624743622274e-310 6.89957624743622274e-310 6.89957624743622274e-310 6.89957624743622274e-310 6.89957624743622274e-310 6.89957624743622274e-310 6.89957624743622274e-310 6.89957624743622274e-310 6.89957624743622274e-310 6.89957624743622274e-310 6.89957624743622274e-310 6.89957624743622274e-310 6.89957624743622274e-310 6.89957624743622274e-310 6.89957624743622274e-310 6.89957624743622274e-310 6.89957624743622274e-310 6.89957624743622274e-310 6.89957624743622274e-310
custom
2.00000000000000011e-01 3.00000000000000000e+00
2.00000000000000011e-01 3.00000000000000000e+00
TASMANIAN SG end
