TASMANIAN SG 4.0
WARNING: do not edit this manually
localpolynomial
2 1 1 4
localp
1 2 55 0 0 0 1 0 2 0 3 0 4 0 5 0 6 0 7 0 8 0 9 0 10 0 11 0 12 0 13 0 14 0 15 0 16 1 0 1 1 1 2 1 3 1 4 1 5 1 6 1 7 1 8 2 0 2 1 2 2 2 3 2 4 2 5 2 6 2 7 2 8 3 0 3 1 3 2 3 3 3 4 4 0 4 1 4 2 4 3 4 4 5 0 5 1 5 2 6 0 6 1 6 2 7 0 7 1 8 0 8 1
1  -6.84354266953597858e+02 -2.47875661329999275e-04 1.15592139081854839e-04 3.53076276269348455e-05 7.10198548858897993e-06 1.82535954991180915e-05 3.99265411488158861e-06 2.17072613395430380e-06 1.43710087741055759e-06 7.67137589718913659e-06 2.16939577057928545e-06 1.17083072836976498e-06 8.20463242234836798e-07 6.07206061431497801e-07 4.90434103994630277e-07 3.90370587410870939e-07 3.32109152623161208e-07 -2.53418007673644752e-04 -7.39150178787895129e-05 3.03403866155349533e-05 1.04705498529256147e-05 2.52015485102674575e-06 4.44149208078670199e-06 1.41142299980856478e-06 7.95113919593859464e-07 4.65491950762952911e-07 1.17345614057740022e-04 3.03403859334139270e-05 -9.14474821911426261e-06 -5.72115169461540063e-06 -9.37508616516424809e-07 -2.90315762185855419e-06 -6.90345018483640160e-07 -3.22720040912827244e-07 -1.73757086940895533e-07 3.62395543334059766e-05 1.04705570151963911e-05 -5.72115430941266823e-06 -8.39806148178467993e-07 -3.69985230008751387e-07 7.19552974715043092e-06 2.52015439627939486e-06 -7.58946100631874288e-07 -3.69985059478494804e-07 -9.42242479595734039e-08 1.88301141861302312e-05 4.44150342104876472e-06 -2.90316174300642160e-06 4.23950984895782312e-06 1.41142160714480269e-06 -6.90344592157998704e-07 2.23073686811403604e-06 7.95113948015568894e-07 1.45120111483265646e-06 4.65492320245175506e-07
0
0
1 0
0 4 5 6 8 10 12 14 16 18 18 18 18 18 18 18 18 18 21 22 23 25 27 27 27 27 27 30 31 32 34 36 36 36 36 36 40 41 42 42 42 46 47 48 48 48 50 50 50 52 52 52 53 53 54 54
17 26 1 2 3 4 5 6 7 8 9 10 11 12 13 14 15 16 35 18 19 20 21 22 23 24 25 40 27 28 29 30 31 32 33 34 45 48 36 37 38 39 51 53 41 42 43 44 46 47 49 50 52 54
1 55 1 -6.84354266953597858e+02 -6.84354514829259188e+02 -6.84354151361458776e+02 -6.84354355583800952e+02 -6.84354202055542828e+02 -6.84354416952934571e+02 -6.84354307276045347e+02 -6.84354232333844266e+02 -6.84354175271399981e+02 -6.84354458219720982e+02 -6.84354384098971877e+02 -6.84354330259092308e+02 -6.84354286294358417e+02 -6.84354249036515057e+02 -6.84354216704259443e+02 -6.84354188273100817e+02 -6.84354162984320283e+02 -6.84354520371605531e+02 -6.84354842162284740e+02 -6.84354374439079834e+02 -6.84354635488767599e+02 -6.84354437783202343e+02 -6.84354716130438646e+02 -6.84354572526109450e+02 -6.84354476111563827e+02 -6.84354404208548203e+02 -6.84354149607983800e+02 -6.84354367143259196e+02 -6.84354043160592937e+02 -6.84354228789145509e+02 -6.84354090219811496e+02 -6.84354282615764419e+02 -6.84354185896255672e+02 -6.84354118065891612e+02 -6.84354065426858483e+02 -6.84354357423047418e+02 -6.84354631785660558e+02 -6.84354232381869224e+02 -6.84354454901257668e+02 -6.84354286910380665e+02 -6.84354201085261025e+02 -6.84354431270574992e+02 -6.84354090824442210e+02 -6.84354284100851373e+02 -6.84354139415844656e+02 -6.84354420067212232e+02 -6.84354713702355070e+02 -6.84354287483522171e+02 -6.84354307948812789e+02 -6.84354567656528388e+02 -6.84354188322498771e+02 -6.84354231788692687e+02 -6.84354470024066359e+02 -6.84354173895421241e+02 -6.84354397290223687e+02
custom
2.00000000000000011e-01 3.00000000000000000e+00
2.00000000000000011e-01 3.00000000000000000e+00
TASMANIAN SG end
