TASMANIAN SG 4.0
WARNING: do not edit this manually
localpolynomial
2 1 1 4
localp
1 2 59 0 0 0 1 0 2 0 3 0 4 0 5 0 6 0 7 0 8 0 9 0 10 0 11 0 12 0 13 0 14 0 15 0 16 1 0 1 1 1 2 1 3 1 4 1 5 1 6 1 7 1 8 2 0 2 1 2 2 2 3 2 4 2 5 2 6 2 7 2 8 3 0 3 1 3 2 3 3 3 4 4 0 4 1 4 2 4 3 4 4 5 0 5 1 5 2 6 0 6 1 6 2 7 0 7 1 7 2 8 0 8 1 8 2 9 0 10 0
1  -6.84421327891390320e+02 -5.89498836234270129e-05 2.91809611780990963e-05 7.73880117321823491e-06 1.66026620718184859e-06 3.92711524455080507e-06 9.06102854969503824e-07 5.01759359394782223e-07 3.39105213242874015e-07 1.68390238286519889e-06 4.73561613034689799e-07 2.80381527772988193e-07 1.76815319719025865e-07 1.48351205098151695e-07 1.17961349133111071e-07 9.23979541767039336e-08 8.10651954452623613e-08 -6.03685073201631894e-05 -1.53050062863258063e-05 7.00093960404046811e-06 1.93043871377085452e-06 5.48017851542681456e-07 8.15807652543298900e-07 2.74709520908800187e-07 1.60480453814670909e-07 1.03456272881885525e-07 2.96451962640276179e-05 7.00093983141414355e-06 -2.40974077314604074e-06 -1.12329598778160289e-06 -2.21242544284905307e-07 -5.67470067380781984e-07 -1.43078125347528839e-07 -7.36630454412079416e-08 -4.47786305812769569e-08 7.97694144694105489e-06 1.93044070329051465e-06 -1.12329644252895378e-06 -1.20443388595958822e-07 -7.34004288460710086e-08 1.68907627084990963e-06 5.48017737855843734e-07 -1.78921141014143359e-07 -7.34007699065841734e-08 -1.83777615347935352e-08 4.07536526836338453e-06 8.15810153653728776e-07 -5.67470465284714010e-07 9.44726252782857046e-07 2.74709350378543604e-07 -1.43078068504109979e-07 5.14867792844597716e-07 1.60480453814670909e-07 -1.47804257721873000e-08 3.45779312738159206e-07 1.03456272881885525e-07 -1.48552317114081234e-08 -1.73395164893008769e-09 4.53237589681521058e-08
0
0
1 0
0 4 5 6 8 10 12 14 16 18 18 18 18 18 18 18 18 18 21 22 23 25 27 27 27 27 27 30 31 32 34 36 36 36 36 36 40 41 42 42 42 46 47 48 48 48 52 52 52 54 54 54 56 56 56 58 58 58 58 58
17 26 1 2 3 4 5 6 7 8 9 10 11 12 13 14 15 16 35 18 19 20 21 22 23 24 25 40 27 28 29 30 31 32 33 34 45 48 36 37 38 39 51 54 41 42 43 44 57 58 46 47 49 50 52 53 55 56
1 59 1 -6.84421327891390320e+02 -6.84421386841273943e+02 -6.84421298710429141e+02 -6.84421349627530958e+02 -6.84421311640643466e+02 -6.84421364307287149e+02 -6.84421337853357727e+02 -6.84421319264257590e+02 -6.84421304836431091e+02 -6.84421373890378163e+02 -6.84421356493847497e+02 -6.84421343460062758e+02 -6.84421332695558704e+02 -6.84421323429472750e+02 -6.84421315334489236e+02 -6.84421308146139381e+02 -6.84421301692364977e+02 -6.84421388259897640e+02 -6.84421462514787549e+02 -6.84421352077996858e+02 -6.84421415718102708e+02 -6.84421367960663133e+02 -6.84421434373522288e+02 -6.84421400808187855e+02 -6.84421377448040630e+02 -6.84421359576768509e+02 -6.84421298246194056e+02 -6.84421350195137848e+02 -6.84421271474973651e+02 -6.84421317605160766e+02 -6.84421283421560247e+02 -6.84421330540504073e+02 -6.84421307162652738e+02 -6.84421290405780837e+02 -6.84421277153940309e+02 -6.84421350098702533e+02 -6.84421414770648653e+02 -6.84421318540567995e+02 -6.84421373851098451e+02 -6.84421332458760617e+02 -6.84421311379715917e+02 -6.84421366281111887e+02 -6.84421283582546266e+02 -6.84421331726661492e+02 -6.84421295949863861e+02 -6.84421365103934704e+02 -6.84421433751542622e+02 -6.84421331801387623e+02 -6.84421338050320173e+02 -6.84421399586525695e+02 -6.84421307823850384e+02 -6.84421319120685325e+02 -6.84421375885844554e+02 -6.84421290646400280e+02 -6.84421304467175673e+02 -6.84421357788889281e+02 -6.84421277197835821e+02 -6.84421376683650124e+02 -6.84421357555994973e+02
custom
2.00000000000000011e-01 3.00000000000000000e+00
2.00000000000000011e-01 3.00000000000000000e+00
TASMANIAN SG end
