TASMANIAN SG 4.0
WARNING: do not edit this manually
localpolynomial
2 1 1 4
localp
1 2 55 0 0 0 1 0 2 0 3 0 4 0 5 0 6 0 7 0 8 0 9 0 10 0 11 0 12 0 13 0 14 0 15 0 16 1 0 1 1 1 2 1 3 1 4 1 5 1 6 1 7 1 8 2 0 2 1 2 2 2 3 2 4 2 5 2 6 2 7 2 8 3 0 3 1 3 2 3 3 3 4 4 0 4 1 4 2 4 3 4 4 5 0 5 1 5 2 6 0 6 1 6 2 7 0 7 1 8 0 8 1
1  -6.84223215271747222e+02 -6.44487993668008130e-04 2.88229389866501151e-04 9.65941585491236765e-05 1.85942571988562122e-05 5.06675210090179462e-05 1.06598917000155780e-05 5.72172370993939694e-06 3.73669467990112025e-06 2.10450230042624753e-05 5.95043275097850710e-06 3.07640789287688676e-06 2.21898767449602019e-06 1.58426394136768067e-06 1.28121723719232250e-06 1.01532020835293224e-06 8.57050963531946763e-07 -6.58050229276341270e-04 -2.10246997198737517e-04 7.98749152863820200e-05 3.23480906558870629e-05 6.94906424314467586e-06 1.38477474251885724e-05 4.20984952143044211e-06 2.25608403070509667e-06 1.25095601788416388e-06 2.92461223807549686e-04 7.98749149453215068e-05 -2.19629316688951803e-05 -1.64959969879419077e-05 -2.31385399729333585e-06 -8.60734047591904528e-06 -1.91572718222232652e-06 -8.17415980236546602e-07 -4.17815385844733100e-07 9.89724724149709800e-05 3.23481086752508418e-05 -1.64960026722837938e-05 -2.93907376658353314e-06 -1.15106902853767679e-06 1.87588227618107339e-05 6.94906361786706839e-06 -1.88192086625349475e-06 -1.15106803377784672e-06 -2.49281356445862912e-07 5.20342823620012496e-05 1.38477831228556170e-05 -8.60735104879495339e-06 1.13821477043529740e-05 4.20984525817402755e-06 -1.91572547691976069e-06 5.86188821216637734e-06 2.25608374648800236e-06 3.75934655494347680e-06 1.25095624525783933e-06
0
0
1 0
0 4 5 6 8 10 12 14 16 18 18 18 18 18 18 18 18 18 21 22 23 25 27 27 27 27 27 30 31 32 34 36 36 36 36 36 40 41 42 42 42 46 47 48 48 48 50 50 50 52 52 52 53 53 54 54
17 26 1 2 3 4 5 6 7 8 9 10 11 12 13 14 15 16 35 18 19 20 21 22 23 24 25 40 27 28 29 30 31 32 33 34 45 48 36 37 38 39 51 53 41 42 43 44 46 47 49 50 52 54
1 55 1 -6.84223215271747222e+02 -6.84223859759740890e+02 -6.84222927042357355e+02 -6.84223440921585507e+02 -6.84223052562795147e+02 -6.84223599673142189e+02 -6.84223317436774664e+02 -6.84223128195547474e+02 -6.84222986065881514e+02 -6.84223708671418535e+02 -6.84223514346931097e+02 -6.84223376102772136e+02 -6.84223264135273325e+02 -6.84223170149383350e+02 -6.84223089097954016e+02 -6.84223018299018122e+02 -6.84222955697068528e+02 -6.84223873321976498e+02 -6.84224728056967365e+02 -6.84223505217671345e+02 -6.84224171747222726e+02 -6.84223663726502537e+02 -6.84224385386826611e+02 -6.84224007664858391e+02 -6.84223760546431777e+02 -6.84223579484436186e+02 -6.84222922810523414e+02 -6.84223487423602137e+02 -6.84222656544065217e+02 -6.84223125018901214e+02 -6.84222773396891171e+02 -6.84223264161071143e+02 -6.84223015170547797e+02 -6.84222843199399563e+02 -6.84222711651598843e+02 -6.84223445324389445e+02 -6.84224162587772980e+02 -6.84223133653544664e+02 -6.84223694126951159e+02 -6.84223268571246649e+02 -6.84223050282312556e+02 -6.84223647883785134e+02 -6.84222774916309390e+02 -6.84223261887956824e+02 -6.84222895411262243e+02 -6.84223607288900666e+02 -6.84224379440304688e+02 -6.84223276008676635e+02 -6.84223318915920686e+02 -6.84223995581764029e+02 -6.84223020881528782e+02 -6.84223126915141620e+02 -6.84223745703791110e+02 -6.84222982787071373e+02 -6.84223562643390778e+02
custom
2.00000000000000011e-01 3.00000000000000000e+00
2.00000000000000011e-01 3.00000000000000000e+00
TASMANIAN SG end
