TASMANIAN SG 4.0
WARNING: do not edit this manually
localpolynomial
2 1 1 4
localp
1 2 55 0 0 0 1 0 2 0 3 0 4 0 5 0 6 0 7 0 8 0 9 0 10 0 11 0 12 0 13 0 14 0 15 0 16 1 0 1 1 1 2 1 3 1 4 1 5 1 6 1 7 1 8 2 0 2 1 2 2 2 3 2 4 2 5 2 6 2 7 2 8 3 0 3 1 3 2 3 3 3 4 4 0 4 1 4 2 4 3 4 4 5 0 5 1 5 2 6 0 6 1 6 2 7 0 7 1 8 0 8 1
1  -6.84331540337707111e+02 -3.14804875870322576e-04 1.45297515018683043e-04 4.54262926723458804e-05 9.03760633264028002e-06 2.35671978998652776e-05 5.10550614762905752e-06 2.76710102298238780e-06 1.82561871042707935e-06 9.87348607850435656e-06 2.79306323136552237e-06 1.49029847307247110e-06 1.05321737464691978e-06 7.71230702412140090e-07 6.23355845164041966e-07 4.95907443109899759e-07 4.20847186433093157e-07 -3.21745123301298008e-04 -9.60241637812941917e-05 3.86761971640225966e-05 1.38833282221639820e-05 3.25094481468113372e-06 5.90042196790818707e-06 1.85558519660844468e-06 1.03377107052438078e-06 5.96911206685035722e-07 1.47483013165583543e-04 3.86761964819015702e-05 -1.13927632128252299e-05 -7.46681337204790907e-06 -1.17905386787242605e-06 -3.81115148684330052e-06 -8.92597086021851283e-07 -4.08402684115571901e-07 -2.16792102492036065e-07 4.66032616941447486e-05 1.38833372602675809e-05 -7.46681666896620300e-06 -1.15005647671750921e-06 -4.90804836772440467e-07 9.14737302082357928e-06 3.25094441677720170e-06 -9.55404573232954135e-07 -4.90804467290217872e-07 -1.20997526664723409e-07 2.42842277202726109e-05 5.90043703141418518e-06 -3.81115705749834888e-06 5.43045484846516047e-06 1.85558337761904113e-06 -8.92596176527149510e-07 2.84193060906545725e-06 1.03377081472899590e-06 1.84155851457035169e-06 5.96911235106745153e-07
0
0
1 0
0 4 5 6 8 10 12 14 16 18 18 18 18 18 18 18 18 18 21 22 23 25 27 27 27 27 27 30 31 32 34 36 36 36 36 36 40 41 42 42 42 46 47 48 48 48 50 50 50 52 52 52 53 53 54 54
17 26 1 2 3 4 5 6 7 8 9 10 11 12 13 14 15 16 35 18 19 20 21 22 23 24 25 40 27 28 29 30 31 32 33 34 45 48 36 37 38 39 51 53 41 42 43 44 46 47 49 50 52 54
1 55 1 -6.84331540337707111e+02 -6.84331855142582981e+02 -6.84331395040192092e+02 -6.84331652313852373e+02 -6.84331458651343269e+02 -6.84331730161019777e+02 -6.84331591220273594e+02 -6.84331496727424224e+02 -6.84331425020149027e+02 -6.84331782778315301e+02 -6.84331688444372958e+02 -6.84331620276764511e+02 -6.84331564725773092e+02 -6.84331517761334908e+02 -6.84331477066027901e+02 -6.84331441339838648e+02 -6.84331409609323373e+02 -6.84331862082830412e+02 -6.84332272911870064e+02 -6.84331678109118229e+02 -6.84332008187729343e+02 -6.84331757807423173e+02 -6.84332111082179836e+02 -6.84331928174188533e+02 -6.84331806144254642e+02 -6.84331715535740841e+02 -6.84331392854693945e+02 -6.84331668983373334e+02 -6.84331258949942139e+02 -6.84331492959554339e+02 -6.84331318043765577e+02 -6.84331561215417423e+02 -6.84331438694215080e+02 -6.84331353090531366e+02 -6.84331286888027194e+02 -6.84331654607007067e+02 -6.84332003540627511e+02 -6.84331497438210135e+02 -6.84331777855917039e+02 -6.84331565850334755e+02 -6.84331457448827450e+02 -6.84331749664660720e+02 -6.84331318803098611e+02 -6.84331562354662651e+02 -6.84331379798881244e+02 -6.84331734060691133e+02 -6.84332108041584092e+02 -6.84331567300593520e+02 -6.84331592041902127e+02 -6.84331922055567020e+02 -6.84331441701342442e+02 -6.84331496051336671e+02 -6.84331798527920455e+02 -6.84331423310202240e+02 -6.84331706885547192e+02
custom
2.00000000000000011e-01 3.00000000000000000e+00
2.00000000000000011e-01 3.00000000000000000e+00
TASMANIAN SG end
