1.0000000000000000 137.5975142263590385 137.1151921724047895
2.0000000000000000 110.0688739252934170 109.6836666833590925
3.0000000000000000 88.0477526574252920 87.7401410941857165
4.0000000000000000 70.4323170954647253 70.1865887071017340
5.0000000000000000 56.3410885724377408 56.1450734683553065
6.0000000000000000 45.0690457871190233 44.9125183321196246
7.0000000000000000 36.0521657085179186 35.9272329321753929
8.0000000000000000 28.8392632397607258 28.7395620207275968
9.0000000000000000 23.0694323854844470 22.9898451291504387
10.0000000000000000 18.4539535049116239 18.3904586010946147
11.0000000000000000 14.7618705367524399 14.7112812374514856
12.0000000000000000 11.8084623039175085 11.7680892765306240
13.0000000000000000 9.4459408778882334 9.4137465288464153
14.0000000000000000 7.5560865626828218 7.5304182886064845
15.0000000000000000 6.0443358369129783 6.0238664603082812
16.0000000000000000 4.8350372612893580 4.8187341289344117
17.0000000000000000 3.8676850107792689 3.8546762962092180
18.0000000000000000 3.0938711843339206 3.0835203905765098
19.0000000000000000 2.4748741576258908 2.4666241825757989
20.0000000000000000 1.9797188964314500 1.9731566827773539
21.0000000000000000 1.5836315748462084 1.5784004157654108
22.0000000000000000 1.2667896270809251 1.2626274327032752
23.0000000000000000 1.0133390822625188 1.0100252763743833
24.0000000000000000 0.8105973429023834 0.8079599944557800
25.0000000000000000 0.6484185286767570 0.6463180158678976
26.0000000000000000 0.5186871428909399 0.5170181341193073
27.0000000000000000 0.4149111564801160 0.4135840964735873
28.0000000000000000 0.3318983273528602 0.3308423123433016
29.0000000000000000 0.2654940598326903 0.2646548563345564
30.0000000000000000 0.2123755889173253 0.2117083453170532
31.0000000000000000 0.1698847645620845 0.1693544266492951
32.0000000000000000 0.1358952462915113 0.1354737957859427
33.0000000000000000 0.1087061480562852 0.1083712848219484
34.0000000000000000 0.0869569146636877 0.0866908212583124
35.0000000000000000 0.0695590880030750 0.0693478267985654
36.0000000000000000 0.0556421319815854 0.0554743348066888
37.0000000000000000 0.0445096085546766 0.0443763708447566
38.0000000000000000 0.0356044154995061 0.0354986355958441
39.0000000000000000 0.0284809210751291 0.0283969531010563
40.0000000000000000 0.0227826529545609 0.0227160091803434
41.0000000000000000 0.0182244660288688 0.0181715671722978
42.0000000000000000 0.0145782419057241 0.0145362852134706
43.0000000000000000 0.0116615342795967 0.0116282456792013
44.0000000000000000 0.0093283875394263 0.0093019762341089
45.0000000000000000 0.0074620356858759 0.0074410959836235
46.0000000000000000 0.0059690941549206 0.0059524841352242
47.0000000000000000 0.0047748497661360 0.0047616830983344
48.0000000000000000 0.0038195374831957 0.0038090983605773
49.0000000000000000 0.0030553586617543 0.0030470854338740
50.0000000000000000 0.0024440722291956 0.0024375138886999
