 1.6000000000000001  1.6000000000000001
 1.6000000000000001  0.2000000000000002
 1.6000000000000001  3.0000000000000000
 1.6000000000000001  0.9000000000000001
 1.6000000000000001  2.2999999999999998
 0.2000000000000002  1.6000000000000001
 0.2000000000000002  0.2000000000000002
 0.2000000000000002  3.0000000000000000
 3.0000000000000000  1.6000000000000001
 3.0000000000000000  0.2000000000000002
 3.0000000000000000  3.0000000000000000
 0.9000000000000001  1.6000000000000001
 2.2999999999999998  1.6000000000000001
