TASMANIAN SG 4.0
WARNING: do not edit this manually
localpolynomial
2 1 1 4
localp
1 2 59 0 0 0 1 0 2 0 3 0 4 0 5 0 6 0 7 0 8 0 9 0 10 0 11 0 12 0 13 0 14 0 15 0 16 1 0 1 1 1 2 1 3 1 4 1 5 1 6 1 7 1 8 2 0 2 1 2 2 2 3 2 4 2 5 2 6 2 7 2 8 3 0 3 1 3 2 3 3 3 4 4 0 4 1 4 2 4 3 4 4 5 0 5 1 5 2 6 0 6 1 6 2 7 0 7 1 7 2 8 0 8 1 8 2 9 0 10 0
1  -6.74575778213617923e+02 -3.68647673997202219e-02 1.35018047482162729e-02 6.66666403935778362e-03 1.07804651838705468e-03 3.72933928156271577e-03 6.88035368284545257e-04 3.40897920750649064e-04 2.07529426347718982e-04 1.53035667460699187e-03 4.12230235497190733e-04 1.86706217846221989e-04 1.48376459605970012e-04 9.38596634796340368e-05 7.58684707307111239e-05 5.74510426076813019e-05 4.63153501186752692e-05 -3.73480154496519390e-02 -1.71106505758871208e-02 4.54420184541959316e-03 3.76709247768758360e-03 4.18079014252725756e-04 1.75324806849630477e-03 3.91242830971805233e-04 1.47672434195555979e-04 6.80564144204254262e-05 1.36878976686602982e-02 4.54420185951676103e-03 -9.00400726550287800e-04 -1.23710997468151618e-03 -9.08492550024675438e-05 -7.85187356655114854e-04 -1.24979908264322148e-04 -3.60783977839673753e-05 -1.60249844611826120e-05 6.77174402289892896e-03 3.76709247677808889e-03 -1.23710996149384300e-03 -5.80973374383120245e-04 -1.22827509471790108e-04 1.07584652323566843e-03 4.18079007999949681e-04 -7.11222361360341893e-05 -1.22827504640099505e-04 -6.32986672144397744e-06 3.77700822809856618e-03 1.75324806735943639e-03 -7.85187333406156540e-04 7.31949513237850624e-04 3.91242830175997369e-04 -1.24979906956923514e-04 3.44345874168539012e-04 1.47672434763990168e-04 -1.91839556009654189e-05 2.08902529607257748e-04 6.80564113508808077e-05 -1.13181081360380631e-05 -4.12819645134732127e-09 1.18869323273429472e-04
0
0
1 0
0 4 5 6 8 10 12 14 16 18 18 18 18 18 18 18 18 18 21 22 23 25 27 27 27 27 27 30 31 32 34 36 36 36 36 36 40 41 42 42 42 46 47 48 48 48 52 52 52 54 54 54 56 56 56 58 58 58 58 58
17 26 1 2 3 4 5 6 7 8 9 10 11 12 13 14 15 16 35 18 19 20 21 22 23 24 25 40 27 28 29 30 31 32 33 34 45 48 36 37 38 39 51 54 41 42 43 44 57 58 46 47 49 50 52 53 55 56
1 59 1 -6.74575778213617923e+02 -6.74612642981017643e+02 -6.74562276408869707e+02 -6.74587543933278425e+02 -6.74567949264725371e+02 -6.74596364117866415e+02 -6.74580973038079833e+02 -6.74571522841250953e+02 -6.74564905307371191e+02 -6.74602973192767422e+02 -6.74591541795336980e+02 -6.74584071779461397e+02 -6.74578227249389329e+02 -6.74573556667770845e+02 -6.74569660184517488e+02 -6.74566369835005617e+02 -6.74563544542770501e+02 -6.74613126229067575e+02 -6.74667101647043182e+02 -6.74595080222473939e+02 -6.74629680181538333e+02 -6.74602607100238174e+02 -6.74642908326940642e+02 -6.74620323927103755e+02 -6.74607378094297928e+02 -6.74598568075515232e+02 -6.74562090315949263e+02 -6.74594410881489466e+02 -6.74549488911927597e+02 -6.74572821044654688e+02 -6.74554802416675102e+02 -6.74580671811147113e+02 -6.74566892624841898e+02 -6.74558141546789216e+02 -6.74551954159859406e+02 -6.74587680477319850e+02 -6.74629333477530736e+02 -6.74573143681610418e+02 -6.74600537740521418e+02 -6.74579247820949149e+02 -6.74567858418260357e+02 -6.74602033005722319e+02 -6.74554877936111552e+02 -6.74579020430443961e+02 -6.74560341885161847e+02 -6.74596626344965671e+02 -6.74642687305991444e+02 -6.74581120131147486e+02 -6.74580997395955706e+02 -6.74619865036930833e+02 -6.74567103075633781e+02 -6.74571473970064972e+02 -6.74606845975061105e+02 -6.74558252010572005e+02 -6.74564765464575203e+02 -6.74597944984664991e+02 -6.74551985839598046e+02 -6.74604876291144819e+02 -6.74592034541819430e+02
custom
2.00000000000000011e-01 3.00000000000000000e+00
2.00000000000000011e-01 3.00000000000000000e+00
TASMANIAN SG end
