TASMANIAN SG 4.0
WARNING: do not edit this manually
localpolynomial
2 1 1 4
localp
1 2 55 0 0 0 1 0 2 0 3 0 4 0 5 0 6 0 7 0 8 0 9 0 10 0 11 0 12 0 13 0 14 0 15 0 16 1 0 1 1 1 2 1 3 1 4 1 5 1 6 1 7 1 8 2 0 2 1 2 2 2 3 2 4 2 5 2 6 2 7 2 8 3 0 3 1 3 2 3 3 3 4 4 0 4 1 4 2 4 3 4 4 5 0 5 1 5 2 6 0 6 1 6 2 7 0 7 1 8 0 8 1
1  -6.54312792691974551e+02 -1.20818130450174976e-01 4.13140136718084250e-02 2.29175932723819642e-02 3.51515564523197099e-03 1.29747740677430556e-02 2.36508041587057960e-03 1.13589153227167117e-03 6.53469623898672580e-04 5.39870774423434341e-03 1.41893730130959739e-03 6.37127852883168089e-04 5.08280398207716644e-04 3.13207574208718142e-04 2.51446886068151798e-04 1.83478555754845729e-04 1.43884904673541314e-04 -1.22020928032611664e-01 -6.15360965986155861e-02 1.47949168386958263e-02 1.49932353465942469e-02 1.30288612450613073e-03 7.28341719212721728e-03 1.40264996684891230e-03 4.60612793801828957e-04 2.13199492804960755e-04 4.18563029278402610e-02 1.47949169235062072e-02 -2.70851695324836328e-03 -4.13684688891180485e-03 -2.79840467044323304e-04 -2.78928774338282892e-03 -4.25903838504382293e-04 -1.16267065550346160e-04 -4.73431284149228304e-05 2.31945521512670894e-02 1.49932353427288945e-02 -4.13684682695247830e-03 -2.74754935429655234e-03 -4.34178610078106431e-04 3.52385506482733035e-03 1.30288608869477684e-03 -2.16405609251069109e-04 -4.34178579666877340e-04 -1.34511314513474645e-05 1.31048139096492378e-02 7.28341718692604445e-03 -2.78928763421504300e-03 2.48968688549666695e-03 1.40264996483097093e-03 -4.25903822105055951e-04 1.15560118717894511e-03 4.60612793148129640e-04 6.64285744505832554e-04 2.13199469072833381e-04
0
0
1 0
0 4 5 6 8 10 12 14 16 18 18 18 18 18 18 18 18 18 21 22 23 25 27 27 27 27 27 30 31 32 34 36 36 36 36 36 40 41 42 42 42 46 47 48 48 48 50 50 50 52 52 52 53 53 54 54
17 26 1 2 3 4 5 6 7 8 9 10 11 12 13 14 15 16 35 18 19 20 21 22 23 24 25 40 27 28 29 30 31 32 33 34 45 48 36 37 38 39 51 53 41 42 43 44 46 47 49 50 52 54
1 55 1 -6.54312792691974551e+02 -6.54433610822424725e+02 -6.54271478678302742e+02 -6.54350284163927199e+02 -6.54288620529493414e+02 -6.54378972719108333e+02 -6.54329173347534947e+02 -6.54299570719201711e+02 -6.54279396134274180e+02 -6.54400893063022295e+02 -6.54363209504216456e+02 -6.54339091627878133e+02 -6.54320474739356541e+02 -6.54305868498013979e+02 -6.54293844177461551e+02 -6.54283824853328042e+02 -6.54275293521383787e+02 -6.54434813620007162e+02 -6.54617167847055953e+02 -6.54378704689496658e+02 -6.54488079904912638e+02 -6.54401941112982172e+02 -6.54532365684724482e+02 -6.54457679032077067e+02 -6.54416780862168707e+02 -6.54389456232122711e+02 -6.54270936389046710e+02 -6.54376959602573379e+02 -6.54232330892328150e+02 -6.54305167249426631e+02 -6.54248398325509243e+02 -6.54330877939675702e+02 -6.54286112642659305e+02 -6.54258647732811255e+02 -6.54239758482423213e+02 -6.54350608603839532e+02 -6.54487201547246286e+02 -6.54306033978575442e+02 -6.54391238413951669e+02 -6.54324588871110109e+02 -6.54288340685445746e+02 -6.54400458471345587e+02 -6.54248597335859813e+02 -6.54323984587147493e+02 -6.54265107226372606e+02 -6.54379606298013641e+02 -6.54531796466054629e+02 -6.54332053807760531e+02 -6.54329210961021545e+02 -6.54456513847985207e+02 -6.54286692545375672e+02 -6.54299411087522913e+02 -6.54415418432904744e+02 -6.54278974251501836e+02 -6.54387831551745876e+02
custom
2.00000000000000011e-01 3.00000000000000000e+00
2.00000000000000011e-01 3.00000000000000000e+00
TASMANIAN SG end
