TASMANIAN SG 4.0
WARNING: do not edit this manually
localpolynomial
2 1 1 4
localp
1 2 55 0 0 0 1 0 2 0 3 0 4 0 5 0 6 0 7 0 8 0 9 0 10 0 11 0 12 0 13 0 14 0 15 0 16 1 0 1 1 1 2 1 3 1 4 1 5 1 6 1 7 1 8 2 0 2 1 2 2 2 3 2 4 2 5 2 6 2 7 2 8 3 0 3 1 3 2 3 3 3 4 4 0 4 1 4 2 4 3 4 4 5 0 5 1 5 2 6 0 6 1 6 2 7 0 7 1 8 0 8 1
1  -6.84011591331979957e+02 -1.31834850401446602e-03 5.70766550595180888e-04 2.04931589564694150e-04 3.81792352754928288e-05 1.08746310502283450e-04 2.22244370888802223e-05 1.18039503149702796e-05 7.63422508498479147e-06 4.48468484819386504e-05 1.26433238847312168e-05 6.34926107068167767e-06 4.66078984118212247e-06 3.25930250255623832e-06 2.63377535247855121e-06 2.07551022413099417e-06 1.74561762378289131e-06 -1.34463296660669585e-03 -4.59369757322747319e-04 1.64232977226674848e-04 7.52751732875367452e-05 1.47235268173062650e-05 3.25253034247907635e-05 9.51375147906219354e-06 4.86953285872004926e-06 2.59423774195965962e-06 5.78972610583150527e-04 1.64232977567735361e-04 -4.21711241642697132e-05 -3.61248950184744899e-05 -4.46533857711983728e-06 -1.93686270790749404e-05 -4.07140834113306482e-06 -1.61054884983968805e-06 -7.97330926616268698e-07 2.09665925808621978e-04 7.52752076209617371e-05 -3.61249039428912511e-05 -7.48355267887745867e-06 -2.69621557436039438e-06 3.83864838795489050e-05 1.47235255099076312e-05 -3.62513549134746427e-06 -2.69621421011834173e-06 -4.93324336048317491e-07 1.11356751403945964e-04 3.25253872404118738e-05 -1.93686484237787226e-05 2.38289834442184656e-05 9.51374116198167030e-06 -4.07140541369699349e-06 1.20524962312629214e-05 4.86953223344244179e-06 7.66602488511125557e-06 2.59423774195965962e-06
0
0
1 0
0 4 5 6 8 10 12 14 16 18 18 18 18 18 18 18 18 18 21 22 23 25 27 27 27 27 27 30 31 32 34 36 36 36 36 36 40 41 42 42 42 46 47 48 48 48 50 50 50 52 52 52 53 53 54 54
17 26 1 2 3 4 5 6 7 8 9 10 11 12 13 14 15 16 35 18 19 20 21 22 23 24 25 40 27 28 29 30 31 32 33 34 45 48 36 37 38 39 51 53 41 42 43 44 46 47 49 50 52 54
1 55 1 -6.84011591331979957e+02 -6.84012909680483972e+02 -6.84011020565429362e+02 -6.84012045574642457e+02 -6.84011267769469328e+02 -6.84012368881252769e+02 -6.84011796228874118e+02 -6.84011417746774327e+02 -6.84011136533224203e+02 -6.84012594434019775e+02 -6.84012194584623558e+02 -6.84011914552497160e+02 -6.84011689119637253e+02 -6.84011501280074754e+02 -6.84011340124346589e+02 -6.84011200075836541e+02 -6.84011076803709216e+02 -6.84012935964946564e+02 -6.84014713683207901e+02 -6.84012200965418742e+02 -6.84013544617314437e+02 -6.84012515562420617e+02 -6.84013987878647299e+02 -6.84013208552941933e+02 -6.84012709090200360e+02 -6.84012348035456853e+02 -6.84011012359369374e+02 -6.84012166474895821e+02 -6.84010483763942943e+02 -6.84011420610437995e+02 -6.84010714347759404e+02 -6.84011704164983598e+02 -6.84011198331874880e+02 -6.84010853160162924e+02 -6.84010592218956958e+02 -6.84012053982537509e+02 -6.84013526740712450e+02 -6.84011437224402243e+02 -6.84012555276001422e+02 -6.84011702758686624e+02 -6.84011263459190786e+02 -6.84012484967680507e+02 -6.84010717403337821e+02 -6.84011690040507801e+02 -6.84010954978022710e+02 -6.84012383616990519e+02 -6.84013976329821617e+02 -6.84011727106807484e+02 -6.84011798828275346e+02 -6.84013184867873633e+02 -6.84011209137337801e+02 -6.84011415343089197e+02 -6.84012680402053775e+02 -6.84011130243255252e+02 -6.84012315461025537e+02
custom
2.00000000000000011e-01 3.00000000000000000e+00
2.00000000000000011e-01 3.00000000000000000e+00
TASMANIAN SG end
