TASMANIAN SG 4.0
WARNING: do not edit this manually
localpolynomial
2 1 1 4
localp
1 2 55 0 0 0 1 0 2 0 3 0 4 0 5 0 6 0 7 0 8 0 9 0 10 0 11 0 12 0 13 0 14 0 15 0 16 1 0 1 1 1 2 1 3 1 4 1 5 1 6 1 7 1 8 2 0 2 1 2 2 2 3 2 4 2 5 2 6 2 7 2 8 3 0 3 1 3 2 3 3 3 4 4 0 4 1 4 2 4 3 4 4 5 0 5 1 5 2 6 0 6 1 6 2 7 0 7 1 8 0 8 1
1  -1.35675707606620335e+02 -2.63535706052667251e+00 7.31829187331925368e-01 5.69076641626736546e-01 6.91098588043530526e-02 3.11726993241052242e-01 5.79548885725671425e-02 2.41486013993039705e-02 1.20435492294177493e-02 1.43145899549892874e-01 3.64981385548901471e-02 1.67659365504277957e-02 1.18589674130760159e-02 7.27818776070421336e-03 4.89597085820037137e-03 3.45196233686806409e-03 2.58910699398029465e-03 -2.63749660011910692e+00 -1.67526170192931545e+00 3.26956596258014542e-01 5.09795937364216911e-01 2.59391668964497057e-02 2.95410215457835079e-01 3.19876548751665268e-02 8.98983513930318168e-03 4.37760600011927181e-03 7.32943493634365950e-01 3.26956600310040812e-01 -4.22699412328597646e-02 -9.16467060370678155e-02 -3.76494949728112260e-03 -5.20785450485163892e-02 -1.30505015411017666e-02 -1.50125498375075495e-03 -6.84793838999553373e-04 5.69523645666549783e-01 5.09795937206632743e-01 -9.16467044737601100e-02 -1.56092324519867987e-01 -9.21976538342050844e-03 6.92969594921066800e-02 2.59391647535949232e-02 -3.66713665945894718e-03 -9.21976396014656530e-03 -3.46257948933725856e-04 3.12021133046016530e-01 2.95410215234937823e-01 -5.20785433406842913e-02 5.82541854832072659e-02 3.19876546656701066e-02 -1.30504984809931557e-02 2.42221351137459351e-02 8.98983486523263764e-03 1.20707958821526518e-02 4.37760418229515835e-03
0
0
1 0
0 4 5 6 8 10 12 14 16 18 18 18 18 18 18 18 18 18 21 22 23 25 27 27 27 27 27 30 31 32 34 36 36 36 36 36 40 41 42 42 42 46 47 48 48 48 50 50 50 52 52 52 53 53 54 54
17 26 1 2 3 4 5 6 7 8 9 10 11 12 13 14 15 16 35 18 19 20 21 22 23 24 25 40 27 28 29 30 31 32 33 34 45 48 36 37 38 39 51 53 41 42 43 44 46 47 49 50 52 54
1 55 1 -1.35675707606620335e+02 -1.38311064667147008e+02 -1.34943878419288410e+02 -1.36424309495256921e+02 -1.35240683154150020e+02 -1.37055960087960926e+02 -1.35992053662366061e+02 -1.35434046778985902e+02 -1.35080237237489797e+02 -1.37540366478004074e+02 -1.36703636653054048e+02 -1.36191415642261092e+02 -1.35822021667080122e+02 -1.35547599005042400e+02 -1.35332468995709746e+02 -1.35157008233483054e+02 -1.35009468721395109e+02 -1.38313204206739442e+02 -1.42623822969195430e+02 -1.37254418423149502e+02 -1.39389641008976469e+02 -1.37688762289243670e+02 -1.40399594780387076e+02 -1.38761480064410222e+02 -1.37967844811452949e+02 -1.37455169200967049e+02 -1.34942764112985969e+02 -1.37251164573202601e+02 -1.34253204866886904e+02 -1.35619534407504602e+02 -1.34532639580629365e+02 -1.36175701042161080e+02 -1.35236244873213820e+02 -1.34715054500392114e+02 -1.34381563468367688e+02 -1.36424932261013339e+02 -1.39388124235298051e+02 -1.35621271480026167e+02 -1.37238645962366718e+02 -1.35950242193650610e+02 -1.35239938900311046e+02 -1.37685878495929103e+02 -1.34532911820255009e+02 -1.35948875173472032e+02 -1.34819544234176249e+02 -1.37057047100830374e+02 -1.40398542253965758e+02 -1.36177902361882502e+02 -1.35992065748333630e+02 -1.38759352611073638e+02 -1.35237371262655074e+02 -1.35433601118351959e+02 -1.37965259611559077e+02 -1.35079280710766341e+02 -1.37452073134501404e+02
custom
2.00000000000000011e-01 3.00000000000000000e+00
2.00000000000000011e-01 3.00000000000000000e+00
TASMANIAN SG end
