TASMANIAN SG 4.0
WARNING: do not edit this manually
localpolynomial
2 1 1 4
localp
1 2 57 0 0 0 1 0 2 0 3 0 4 0 5 0 6 0 7 0 8 0 9 0 10 0 11 0 12 0 13 0 14 0 15 0 16 1 0 1 1 1 2 1 3 1 4 1 5 1 6 1 7 1 8 2 0 2 1 2 2 2 3 2 4 2 5 2 6 2 7 2 8 3 0 3 1 3 2 3 3 3 4 4 0 4 1 4 2 4 3 4 4 5 0 5 1 5 2 6 0 6 1 6 2 7 0 7 1 7 2 8 0 8 1 8 2
1  -6.84426091452977289e+02 -4.63844396563217742e-05 2.31812664424069226e-05 6.00232249325927114e-06 1.30106423057441134e-06 3.03809633805940393e-06 7.06328819433110766e-07 3.92311676478129812e-07 2.66053461928095203e-07 1.30689898014679784e-06 3.67138113688270096e-07 2.22455696530232672e-07 1.35253003463731147e-07 1.18266143545042723e-07 9.34919626160990447e-08 7.26083726476645097e-08 6.43306066194782034e-08 -4.75130043469107477e-05 -1.17630290787928971e-05 5.47489923974353587e-06 1.45823935326916398e-06 4.26843428158463212e-07 6.17135924585454632e-07 2.09861354960594326e-07 1.22308506433910225e-07 8.05467266218329314e-08 2.35522101093010860e-05 5.47489901236986043e-06 -1.92350000816077227e-06 -8.49809737246687291e-07 -1.71015301475563319e-07 -4.33013951806060504e-07 -1.09241966583795147e-07 -5.66797666579077486e-08 -3.55671545548830181e-08 6.19365243892389117e-06 1.45824071751121664e-06 -8.49810248837457038e-07 -8.52051016408950090e-08 -5.76288528009172296e-08 1.32373338601610158e-06 4.26843428158463212e-07 -1.38362281631998485e-07 -5.76291085963021033e-08 -1.34962760967027862e-08 3.15506372317031492e-06 6.17137970948533621e-07 -4.33014179179735947e-07 7.32434045858099125e-07 2.09861354960594326e-07 -1.09241909740376286e-07 4.01858073928451631e-07 1.22308534855619655e-07 -2.03924344077677233e-08 2.71983026323141530e-07 8.05466413567046402e-08 -1.93854532426485093e-08
0
0
1 0
0 4 5 6 8 10 12 14 16 18 18 18 18 18 18 18 18 18 21 22 23 25 27 27 27 27 27 30 31 32 34 36 36 36 36 36 40 41 42 42 42 46 47 48 48 48 50 50 50 52 52 52 54 54 54 56 56 56
17 26 1 2 3 4 5 6 7 8 9 10 11 12 13 14 15 16 35 18 19 20 21 22 23 24 25 40 27 28 29 30 31 32 33 34 45 48 36 37 38 39 51 54 41 42 43 44 46 47 49 50 52 53 55 56
1 57 1 -6.84426091452977289e+02 -6.84426137837416945e+02 -6.84426068271710847e+02 -6.84426108642874624e+02 -6.84426078561279837e+02 -6.84426120202049333e+02 -6.84426099341597251e+02 -6.84426084614816887e+02 -6.84426073150441880e+02 -6.84426127712834159e+02 -6.84426114055323978e+02 -6.84426103769780184e+02 -6.84426095262034210e+02 -6.84426087915630887e+02 -6.84426081494556456e+02 -6.84426075783252372e+02 -6.84426070646745870e+02 -6.84426138965981636e+02 -6.84426197113450371e+02 -6.84426110309815954e+02 -6.84426160579154157e+02 -6.84426122909991136e+02 -6.84426175191070001e+02 -6.84426148856377722e+02 -6.84426130423366203e+02 -6.84426116263303356e+02 -6.84426067900767180e+02 -6.84426108810307824e+02 -6.84426046643000745e+02 -6.84426083203024746e+02 -6.84426056141835033e+02 -6.84426093401583785e+02 -6.84426074954809224e+02 -6.84426061685669197e+02 -6.84426051161931582e+02 -6.84426109015827024e+02 -6.84426159823540502e+02 -6.84426083946921267e+02 -6.84426127773446638e+02 -6.84426095024517053e+02 -6.84426078353138791e+02 -6.84426121573285627e+02 -6.84426056271984635e+02 -6.84426094443423722e+02 -6.84426066110501438e+02 -6.84426120835840493e+02 -6.84426174696293856e+02 -6.84426094406319066e+02 -6.84426099501968110e+02 -6.84426147888183323e+02 -6.84426075486123864e+02 -6.84426084501199966e+02 -6.84426129181184706e+02 -6.84426061890382130e+02 -6.84426072854970016e+02 -6.84426114839267029e+02 -6.84426051204895202e+02
custom
2.00000000000000011e-01 3.00000000000000000e+00
2.00000000000000011e-01 3.00000000000000000e+00
TASMANIAN SG end
