TASMANIAN SG 4.0
WARNING: do not edit this manually
localpolynomial
2 1 1 4
localp
1 2 59 0 0 0 1 0 2 0 3 0 4 0 5 0 6 0 7 0 8 0 9 0 10 0 11 0 12 0 13 0 14 0 15 0 16 1 0 1 1 1 2 1 3 1 4 1 5 1 6 1 7 1 8 2 0 2 1 2 2 2 3 2 4 2 5 2 6 2 7 2 8 3 0 3 1 3 2 3 3 3 4 4 0 4 1 4 2 4 3 4 4 5 0 5 1 5 2 6 0 6 1 6 2 7 0 7 1 7 2 8 0 8 1 8 2 9 0 10 0
1  -6.78129855376357455e+02 -2.29231844741661916e-02 8.61604379588243319e-03 4.06405733065184904e-03 6.70106134521120111e-04 2.25875233036276768e-03 4.20523820480411814e-04 2.10848447409262008e-04 1.30273172658235126e-04 9.24257502788350394e-04 2.51271013326004322e-04 1.14850680688505236e-04 9.05181390180587186e-05 5.80837330517169903e-05 4.69225004735562834e-05 3.58753005684775417e-05 2.92431426487382851e-05 -2.32485863909914769e-02 -1.02366929137360785e-02 2.83503353603009600e-03 2.16187570759984737e-03 2.63520598991817678e-04 9.91846499857729214e-04 2.32708708949758147e-04 9.25722016518193414e-05 4.31086608614350553e-05 8.73708659503336094e-03 2.83503354364711413e-03 -5.79581369834158977e-04 -7.57089872706728784e-04 -5.84941612373768294e-05 -4.68001879085022665e-04 -7.69545225125511934e-05 -2.28998298439364589e-05 -1.03766540178185096e-05 4.13655295733406092e-03 2.16187578291737736e-03 -7.57089866851856641e-04 -3.12058365494749523e-04 -7.27879083228799573e-05 6.69261394250497688e-04 2.63520596661237505e-04 -4.64246239175736264e-05 -7.27879050828050822e-05 -4.69946479597638245e-06 2.28924008320063876e-03 9.91849061790617270e-04 -4.68001922911298607e-04 4.47698651441896800e-04 2.32708661258129723e-04 -7.69545210346223030e-05 2.13841658705860027e-04 9.25722024192054960e-05 -5.11904434574717015e-06 1.30796079133688181e-04 4.31086592982410366e-05 -3.75712849631781864e-06 -1.73372427525464445e-09 2.54361112865808536e-05
0
0
1 0
0 4 5 6 8 10 12 14 16 18 18 18 18 18 18 18 18 18 21 22 23 25 27 27 27 27 27 30 31 32 34 36 36 36 36 36 40 41 42 42 42 46 47 48 48 48 52 52 52 54 54 54 56 56 56 58 58 58 58 58
17 26 1 2 3 4 5 6 7 8 9 10 11 12 13 14 15 16 35 18 19 20 21 22 23 24 25 40 27 28 29 30 31 32 33 34 45 48 36 37 38 39 51 54 41 42 43 44 57 58 46 47 49 50 52 53 55 56
1 59 1 -6.78129855376357455e+02 -6.78152778560831621e+02 -6.78121239332561572e+02 -6.78137252911263886e+02 -6.78124877248324992e+02 -6.78142756983717391e+02 -6.78133133619990190e+02 -6.78127155463893814e+02 -6.78122928017270624e+02 -6.78146843514771717e+02 -6.78139753676477312e+02 -6.78135078414946406e+02 -6.78131403980034861e+02 -6.78128447336392583e+02 -6.78125969433609043e+02 -6.78123866757497353e+02 -6.78122054431773336e+02 -6.78153103962748446e+02 -6.78186263840136348e+02 -6.78141652885416534e+02 -6.78163457968404146e+02 -6.78146444797348977e+02 -6.78171610305440026e+02 -6.78157627733046866e+02 -6.78149470959399650e+02 -6.78143875459549236e+02 -6.78121118289762421e+02 -6.78141206440692940e+02 -6.78113081827336373e+02 -6.78127855397769736e+02 -6.78116488446576113e+02 -6.78132740168780060e+02 -6.78124143274468111e+02 -6.78118615419551702e+02 -6.78114665240437603e+02 -6.78137343116595616e+02 -6.78163222771743676e+02 -6.78128066645898571e+02 -6.78145450007350746e+02 -6.78131975802721399e+02 -6.78124817571665744e+02 -6.78146059718771312e+02 -6.78116537743178696e+02 -6.78131825920729284e+02 -6.78120041497833085e+02 -6.78142934299588887e+02 -6.78171462216795135e+02 -6.78133038527497206e+02 -6.78133151547825037e+02 -6.78157320258975005e+02 -6.78124282245099721e+02 -6.78127122632352894e+02 -6.78149112725940313e+02 -6.78118679815255746e+02 -6.78122837134634892e+02 -6.78143459174993723e+02 -6.78114682746306812e+02 -6.78148019132902391e+02 -6.78140113271980908e+02
custom
2.00000000000000011e-01 3.00000000000000000e+00
2.00000000000000011e-01 3.00000000000000000e+00
TASMANIAN SG end
