TASMANIAN SG 4.0
WARNING: do not edit this manually
localpolynomial
2 1 1 4
localp
1 2 55 0 0 0 1 0 2 0 3 0 4 0 5 0 6 0 7 0 8 0 9 0 10 0 11 0 12 0 13 0 14 0 15 0 16 1 0 1 1 1 2 1 3 1 4 1 5 1 6 1 7 1 8 2 0 2 1 2 2 2 3 2 4 2 5 2 6 2 7 2 8 3 0 3 1 3 2 3 3 3 4 4 0 4 1 4 2 4 3 4 4 5 0 5 1 5 2 6 0 6 1 6 2 7 0 7 1 8 0 8 1
1  -6.76550344562043165e+02 -2.90705749735025165e-02 1.07870978861228650e-02 5.20561534608532384e-03 8.50053374961134978e-04 2.90286707604536787e-03 5.37835371687833685e-04 2.68082044840411982e-04 1.64495987064583460e-04 1.18930409462336684e-03 3.21865274372612475e-04 1.46394291732576676e-04 1.15898985995954718e-04 7.38296744202671107e-05 5.96650885427152389e-05 4.54140462124996702e-05 3.68204533742755302e-05 -2.94676080368390103e-02 -1.32363634379544237e-02 3.58934964560830849e-03 2.85428991492153727e-03 3.32125351292233972e-04 1.31869355993785575e-03 3.01911171050051053e-04 1.17025779729829082e-04 5.41734453349818068e-05 1.09373575296558556e-02 3.58934965561275021e-03 -7.23138048783766862e-04 -9.68364926052345254e-04 -7.28317712059833866e-05 -6.06574864775666356e-04 -9.80558355081484478e-05 -2.87088769823640177e-05 -1.28924289128917735e-05 5.29656123649147048e-03 2.85428991435310309e-03 -9.68364916275277210e-04 -4.25791119880614133e-04 -9.46651404660769913e-05 8.48588141593609180e-04 3.32125347085820977e-04 -5.80638826477297698e-05 -9.46651371123152785e-05 -5.46025549397199939e-06 2.93927698521656566e-03 1.31869696605235731e-03 -6.06574847608953860e-04 5.70567196064075688e-04 3.01911170538460283e-04 -9.80558349397142592e-05 2.71410567620478105e-04 1.17025780070889596e-04 1.65354483897317550e-04 5.41734431749318901e-05
0
0
1 0
0 4 5 6 8 10 12 14 16 18 18 18 18 18 18 18 18 18 21 22 23 25 27 27 27 27 27 30 31 32 34 36 36 36 36 36 40 41 42 42 42 46 47 48 48 48 50 50 50 52 52 52 53 53 54 54
17 26 1 2 3 4 5 6 7 8 9 10 11 12 13 14 15 16 35 18 19 20 21 22 23 24 25 40 27 28 29 30 31 32 33 34 45 48 36 37 38 39 51 53 41 42 43 44 46 47 49 50 52 54
1 55 1 -6.76550344562043165e+02 -6.76579415137016667e+02 -6.76539557464157042e+02 -6.76559674234183831e+02 -6.76544100959725142e+02 -6.76566641818524204e+02 -6.76554471562741810e+02 -6.76546954678839256e+02 -6.76541664715953971e+02 -6.76571839173675698e+02 -6.76562836161079758e+02 -6.76556926504170974e+02 -6.76552292163406491e+02 -6.76548575790766790e+02 -6.76545468154193713e+02 -6.76542837423793344e+02 -6.76540574269602189e+02 -6.76579812170080004e+02 -6.76622119108491461e+02 -6.76565435722548273e+02 -6.76592905734024725e+02 -6.76571441767587885e+02 -6.76603290860622110e+02 -6.76585519205509627e+02 -6.76575241861009317e+02 -6.76568220075635736e+02 -6.76539407204513509e+02 -6.76564888429831399e+02 -6.76529343244676170e+02 -6.76547910566752421e+02 -6.76533598002991084e+02 -6.76554103206080640e+02 -6.76543219106096785e+02 -6.76536263230584495e+02 -6.76531319020275419e+02 -6.76559781804825093e+02 -6.76592616271603220e+02 -6.76548168397032441e+02 -6.76569992069030491e+02 -6.76553053650018569e+02 -6.76544027295136743e+02 -6.76570971069935354e+02 -6.76533659830157603e+02 -6.76552872414790045e+02 -6.76538035385413309e+02 -6.76566857710467275e+02 -6.76603109716096128e+02 -6.76554469357652692e+02 -6.76554492616238008e+02 -6.76585143225943284e+02 -6.76543390419233560e+02 -6.76546914518022277e+02 -6.76574804667128319e+02 -6.76541551895341286e+02 -6.76567710221956304e+02
custom
2.00000000000000011e-01 3.00000000000000000e+00
2.00000000000000011e-01 3.00000000000000000e+00
TASMANIAN SG end
