TASMANIAN SG 4.0
WARNING: do not edit this manually
localpolynomial
2 1 1 4
localp
1 2 55 0 0 0 1 0 2 0 3 0 4 0 5 0 6 0 7 0 8 0 9 0 10 0 11 0 12 0 13 0 14 0 15 0 16 1 0 1 1 1 2 1 3 1 4 1 5 1 6 1 7 1 8 2 0 2 1 2 2 2 3 2 4 2 5 2 6 2 7 2 8 3 0 3 1 3 2 3 3 3 4 4 0 4 1 4 2 4 3 4 4 5 0 5 1 5 2 6 0 6 1 6 2 7 0 7 1 8 0 8 1
1  -6.83767611414384191e+02 -2.12350758602042333e-03 8.99179515840842214e-04 3.37943515091865265e-04 6.16225984231277835e-05 1.80754094230906048e-04 3.62553581680913339e-05 1.91078383977583144e-05 1.22818274803648819e-05 7.42608638120145770e-05 2.08654100788407959e-05 1.02864860309637152e-05 7.63978209761262406e-06 5.27204679201531690e-06 4.25693724537268281e-06 3.34105345700663747e-06 2.80351162018632749e-06 -2.16414929536767886e-03 -7.72548142322193598e-04 2.64944752188966959e-04 1.32062410216349235e-04 2.41439109913699212e-05 5.74828210915256932e-05 1.63363897058843577e-05 8.07922162948671030e-06 4.19236653215193655e-06 9.11956363665922254e-04 2.64944754121643200e-04 -6.51780846965266392e-05 -6.06246409802224662e-05 -6.87245608332887059e-06 -3.31738979753026797e-05 -6.69603866754187038e-06 -2.51315879040703294e-06 -1.22202521879444248e-06 3.45538687724911142e-04 1.32062461943860399e-04 -6.06246521783759817e-05 -1.39421322273847181e-05 -4.73701282999172690e-06 6.18193093941954430e-05 2.41439100250318006e-05 -5.60193785759111051e-06 -4.73701078362864791e-06 -7.59074310963114840e-07 1.84692151492527046e-04 5.74829692823186633e-05 -3.31739300918343361e-05 3.88851108255039435e-05 1.63363722549547674e-05 -6.69603491587622557e-06 1.94559808051053551e-05 8.07922131684790656e-06 1.23230138342478313e-05 4.19236684479074029e-06
0
0
1 0
0 4 5 6 8 10 12 14 16 18 18 18 18 18 18 18 18 18 21 22 23 25 27 27 27 27 27 30 31 32 34 36 36 36 36 36 40 41 42 42 42 46 47 48 48 48 50 50 50 52 52 52 53 53 54 54
17 26 1 2 3 4 5 6 7 8 9 10 11 12 13 14 15 16 35 18 19 20 21 22 23 24 25 40 27 28 29 30 31 32 33 34 45 48 36 37 38 39 51 53 41 42 43 44 46 47 49 50 52 54
1 55 1 -6.83767611414384191e+02 -6.83769734921970212e+02 -6.83766712234868351e+02 -6.83768335224662110e+02 -6.83767100202027791e+02 -6.83768854319221873e+02 -6.83767937064165039e+02 -6.83767336700367650e+02 -6.83766893936620590e+02 -6.83769220359732117e+02 -6.83768573906531856e+02 -6.83768125857927544e+02 -6.83767766599492575e+02 -6.83767468785329129e+02 -6.83767214194260532e+02 -6.83766993728270791e+02 -6.83766800282232794e+02 -6.83769775563679559e+02 -6.83772671619407902e+02 -6.83768611439411529e+02 -6.83770753585618422e+02 -6.83769107735036187e+02 -6.83771474365597896e+02 -6.83770211982901174e+02 -6.83769414462297846e+02 -6.83768843113029789e+02 -6.83766699458020526e+02 -6.83768558020852424e+02 -6.83765865456589381e+02 -6.83767351420562363e+02 -6.83766227707162670e+02 -6.83767807140511081e+02 -6.83766995879971887e+02 -6.83766446987911991e+02 -6.83766035522073707e+02 -6.83768347950344150e+02 -6.83770725669539388e+02 -6.83767376923104393e+02 -6.83769146777353853e+02 -6.83767793479183183e+02 -6.83767093616893021e+02 -6.83769060508191842e+02 -6.83766232628357329e+02 -6.83767774168358642e+02 -6.83766605695329076e+02 -6.83768877064860362e+02 -6.83771456469352870e+02 -6.83767842663036504e+02 -6.83767940797253345e+02 -6.83770175074271719e+02 -6.83767012389910519e+02 -6.83767333059657744e+02 -6.83769370179878933e+02 -6.83766884214442939e+02 -6.83768792749141539e+02
custom
2.00000000000000011e-01 3.00000000000000000e+00
2.00000000000000011e-01 3.00000000000000000e+00
TASMANIAN SG end
