TASMANIAN SG 4.0
WARNING: do not edit this manually
localpolynomial
2 1 1 4
localp
1 2 59 0 0 0 1 0 2 0 3 0 4 0 5 0 6 0 7 0 8 0 9 0 10 0 11 0 12 0 13 0 14 0 15 0 16 1 0 1 1 1 2 1 3 1 4 1 5 1 6 1 7 1 8 2 0 2 1 2 2 2 3 2 4 2 5 2 6 2 7 2 8 3 0 3 1 3 2 3 3 3 4 4 0 4 1 4 2 4 3 4 4 5 0 5 1 5 2 6 0 6 1 6 2 7 0 7 1 7 2 8 0 8 1 8 2 9 0 10 0
1  -6.72107346781209003e+02 -4.67465820851202807e-02 1.68953412309065243e-02 8.53639999115785031e-03 1.36676176805394789e-03 4.78934505292727408e-03 8.80389360418121214e-04 4.33558639542752644e-04 2.61574165392630675e-04 1.96921107135494822e-03 5.27900036331629963e-04 2.38272871229128214e-04 1.89919631338852923e-04 1.19351529178857163e-04 9.64666234040123527e-05 7.26209118511178531e-05 5.82011455207975814e-05 -4.73331627937341182e-02 -2.21133263826231996e-02 5.75312131479677191e-03 4.96990574561095855e-03 5.25685176569368195e-04 2.33099883826071164e-03 5.06396941432285530e-04 1.86012775998278812e-04 8.54842748481132730e-05 1.71251875957523225e-02 5.75312133469196851e-03 -1.12163427172617958e-03 -1.57854670055712631e-03 -1.13500265854327154e-04 -1.01501213566734805e-03 -1.59379963065475749e-04 -4.54222880534871365e-05 -1.99224253378815774e-05 8.65956671748335793e-03 4.96990574418987308e-03 -1.57854668287882305e-03 -7.92711253012612360e-04 -1.58973345321555826e-04 1.36381140930552647e-03 5.25685168156542204e-04 -8.76968065881555958e-05 -1.58973338358237015e-04 -7.31152812250002171e-06 4.85005045948128100e-03 2.33099883669751762e-03 -1.01501210392029861e-03 9.37635200102704403e-04 5.06396940608055957e-04 -1.59379960820160704e-04 4.36692642779235030e-04 1.86012776538291291e-04 -1.78426552395194449e-05 2.63678853457349760e-04 8.54842702722180547e-05 -1.14948416864990577e-05 -3.08114067593123764e-09 1.04685622659417277e-04
0
0
1 0
0 4 5 6 8 10 12 14 16 18 18 18 18 18 18 18 18 18 21 22 23 25 27 27 27 27 27 30 31 32 34 36 36 36 36 36 40 41 42 42 42 46 47 48 48 48 52 52 52 54 54 54 56 56 56 58 58 58 58 58
17 26 1 2 3 4 5 6 7 8 9 10 11 12 13 14 15 16 35 18 19 20 21 22 23 24 25 40 27 28 29 30 31 32 33 34 45 48 36 37 38 39 51 54 41 42 43 44 57 58 46 47 49 50 52 53 55 56
1 59 1 -6.72107346781209003e+02 -6.72154093363294123e+02 -6.72090451439978096e+02 -6.72122183672260462e+02 -6.72097532348825439e+02 -6.72133349172724365e+02 -6.72113884837374258e+02 -6.72102006006377792e+02 -6.72093730320236318e+02 -6.72141752056938003e+02 -6.72127238522456082e+02 -6.72117795981946074e+02 -6.72110425889660291e+02 -6.72104557042264105e+02 -6.72099672710978211e+02 -6.72095558713619084e+02 -6.72092032678961800e+02 -6.72154679944002737e+02 -6.72223539852470481e+02 -6.72132031481457034e+02 -6.72175603592499783e+02 -6.72141463265785319e+02 -6.72192451378594001e+02 -6.72163754981949523e+02 -6.72147452033478430e+02 -6.72136400315180936e+02 -6.72090221593613251e+02 -6.72131215054363679e+02 -6.72074447886654070e+02 -6.72103760470697921e+02 -6.72081081478631404e+02 -6.72113713429613540e+02 -6.72096270022758290e+02 -6.72085263399770952e+02 -6.72077523030902739e+02 -6.72122353795888444e+02 -6.72175187135420629e+02 -6.72104160440683017e+02 -6.72138541824043614e+02 -6.72111786487274685e+02 -6.72097420376001878e+02 -6.72140764712251439e+02 -6.72081173548713423e+02 -6.72111504390824166e+02 -6.72087994262250618e+02 -6.72133666819486052e+02 -6.72192182444649347e+02 -6.72114260922714379e+02 -6.72113912653348507e+02 -6.72163196217216637e+02 -6.72096527685091246e+02 -6.72101946885962661e+02 -6.72146806332353435e+02 -6.72085393644358192e+02 -6.72093557305954164e+02 -6.72135640720183801e+02 -6.72077558533671890e+02 -6.72144173384825535e+02 -6.72127905622064645e+02
custom
2.00000000000000011e-01 3.00000000000000000e+00
2.00000000000000011e-01 3.00000000000000000e+00
TASMANIAN SG end
