TASMANIAN SG 4.0
WARNING: do not edit this manually
localpolynomial
2 1 1 4
localp
1 2 55 0 0 0 1 0 2 0 3 0 4 0 5 0 6 0 7 0 8 0 9 0 10 0 11 0 12 0 13 0 14 0 15 0 16 1 0 1 1 1 2 1 3 1 4 1 5 1 6 1 7 1 8 2 0 2 1 2 2 2 3 2 4 2 5 2 6 2 7 2 8 3 0 3 1 3 2 3 3 3 4 4 0 4 1 4 2 4 3 4 4 5 0 5 1 5 2 6 0 6 1 6 2 7 0 7 1 8 0 8 1
1  -2.45471354609429397e+02 -2.07951989159738559e+00 5.87562239910141670e-01 4.43888378490470359e-01 5.52469072822248108e-02 2.45133595485981459e-01 4.54726819827442341e-02 1.93100683372904314e-02 9.65817298140336788e-03 1.11244818174554894e-01 2.82993028719147333e-02 1.30709933582409121e-02 9.31869292131182192e-03 5.75632421742966471e-03 3.93130813577613480e-03 2.74771080987079586e-03 2.08576166079410541e-03 -2.08286419216233298e+00 -1.30029253237205467e+00 2.57421772040629548e-01 3.90381865880158330e-01 2.04825164398130255e-02 2.22190700342224545e-01 2.54319549678427848e-02 7.01507416977165121e-03 3.46368366467686428e-03 5.89288110421648526e-01 2.57421780881060158e-01 -3.44182943317719037e-02 -7.16446574390516844e-02 -3.19750922017192352e-03 -4.31929292193586889e-02 -9.93741400338876701e-03 -1.39858991644814523e-03 -5.63141585644189036e-04 4.44590644343577424e-01 3.90381865764481972e-01 -7.16446534564738613e-02 -1.14399740182278720e-01 -7.17485793461491994e-03 5.55110329640058353e-02 2.04825119968461422e-02 -3.02333454843051186e-03 -7.17485545717266859e-03 -2.75001249704587281e-04 2.45585321733500450e-01 2.22190700174593303e-01 -4.31929249568554496e-02 4.59168040427186952e-02 2.54319548222952108e-02 -9.93741191140884439e-03 1.94015161853258178e-02 7.01507400428624805e-03 9.70919059835750886e-03 3.46367950204751196e-03
0
0
1 0
0 4 5 6 8 10 12 14 16 18 18 18 18 18 18 18 18 18 21 22 23 25 27 27 27 27 27 30 31 32 34 36 36 36 36 36 40 41 42 42 42 46 47 48 48 48 50 50 50 52 52 52 53 53 54 54
17 26 1 2 3 4 5 6 7 8 9 10 11 12 13 14 15 16 35 18 19 20 21 22 23 24 25 40 27 28 29 30 31 32 33 34 45 48 36 37 38 39 51 53 41 42 43 44 46 47 49 50 52 54
1 55 1 -2.45471354609429397e+02 -2.47550874501026783e+02 -2.44883792369519256e+02 -2.46067226176737620e+02 -2.45122326582192102e+02 -2.46563916743396248e+02 -2.45723817711100764e+02 -2.45277530527473459e+02 -2.44993401302874275e+02 -2.46946150804036961e+02 -2.46287272157194991e+02 -2.45882450950560951e+02 -2.45588267467343769e+02 -2.45368686244233999e+02 -2.45195997246697004e+02 -2.45055116231723332e+02 -2.44936511074535957e+02 -2.47554218801591730e+02 -2.50934031225561171e+02 -2.46709234789640959e+02 -2.48409854769205822e+02 -2.47055997371894307e+02 -2.49204618701555319e+02 -2.47911132148448189e+02 -2.47278782944235957e+02 -2.46869494224121524e+02 -2.44882066499007749e+02 -2.46704164609724074e+02 -2.44328922553429379e+02 -2.45420871833314493e+02 -2.44553445128156511e+02 -2.45860577555252689e+02 -2.45115933898181765e+02 -2.44699844335161288e+02 -2.44432088809397186e+02 -2.46068196061166987e+02 -2.48407480353185917e+02 -2.45423567588693004e+02 -2.46713158635928181e+02 -2.45687568517362479e+02 -2.45121199521254567e+02 -2.47051526010414563e+02 -2.44553869763058742e+02 -2.45685471571520793e+02 -2.44784161490734220e+02 -2.46565622109645858e+02 -2.49202979767465450e+02 -2.45864008792390337e+02 -2.45723858531255473e+02 -2.47907828668241336e+02 -2.45117700586974820e+02 -2.45276875549156642e+02 -2.47274783665531089e+02 -2.44991923819532815e+02 -2.46864672439968899e+02
custom
2.00000000000000011e-01 3.00000000000000000e+00
2.00000000000000011e-01 3.00000000000000000e+00
TASMANIAN SG end
