TASMANIAN SG 4.0
WARNING: do not edit this manually
localpolynomial
2 1 1 4
localp
1 2 55 0 0 0 1 0 2 0 3 0 4 0 5 0 6 0 7 0 8 0 9 0 10 0 11 0 12 0 13 0 14 0 15 0 16 1 0 1 1 1 2 1 3 1 4 1 5 1 6 1 7 1 8 2 0 2 1 2 2 2 3 2 4 2 5 2 6 2 7 2 8 3 0 3 1 3 2 3 3 3 4 4 0 4 1 4 2 4 3 4 4 5 0 5 1 5 2 6 0 6 1 6 2 7 0 7 1 8 0 8 1
1  -5.40670114359640706e+02 -6.35732602739949471e-01 1.95363347369379881e-01 1.28820853017828085e-01 1.78312243673417470e-02 7.28464819626424287e-02 1.33552168246069414e-02 6.07556156558075600e-03 3.15382358235183347e-03 3.15343686138476187e-02 8.05252670534173376e-03 3.69150831613751507e-03 2.79395679535809904e-03 1.72412165034074860e-03 1.29260384744611656e-03 8.89219899363524746e-04 6.92235079441161361e-04 -6.39129266797681339e-01 -3.65797024954986227e-01 7.79571541302175319e-02 1.01541484183655939e-01 6.37717416941541160e-03 5.34845165033175363e-02 7.85408689017685901e-03 2.18338867142620074e-03 1.07934629050987496e-03 1.97045958357421114e-01 7.79571553160849362e-02 -1.22310094293425209e-02 -2.16600868225782506e-02 -1.28953376713525358e-03 -1.49283917139655387e-02 -2.57102365952732725e-03 -5.92873379616776219e-04 -2.01689617426836776e-04 1.29594533147724178e-01 1.01541484157564810e-01 -2.16600861680262824e-02 -2.41903639941654092e-02 -2.25550973044619241e-03 1.79578405950451270e-02 6.37717360689293855e-03 -1.07607284110144974e-03 -2.25550933910767526e-03 -7.40541142363326799e-05 7.32515538742291028e-02 5.34845164631292391e-02 -1.49283907908852598e-02 1.37337272273043709e-02 7.85408686698474412e-03 -2.57102336064463088e-03 6.13064044694056065e-03 2.18338865892064860e-03 3.22662295286590961e-03 1.07934583724045297e-03
0
0
1 0
0 4 5 6 8 10 12 14 16 18 18 18 18 18 18 18 18 18 21 22 23 25 27 27 27 27 27 30 31 32 34 36 36 36 36 36 40 41 42 42 42 46 47 48 48 48 50 50 50 52 52 52 53 53 54 54
17 26 1 2 3 4 5 6 7 8 9 10 11 12 13 14 15 16 35 18 19 20 21 22 23 24 25 40 27 28 29 30 31 32 33 34 45 48 36 37 38 39 51 53 41 42 43 44 46 47 49 50 52 54
1 55 1 -5.40670114359640706e+02 -5.41305846962380656e+02 -5.40474751012271327e+02 -5.40859159807992910e+02 -5.40554601461588732e+02 -5.41009656903224140e+02 -5.40751281866992144e+02 -5.40606282349049025e+02 -5.40511522413347620e+02 -5.41126217564188551e+02 -5.40926355828903070e+02 -5.40801529329176446e+02 -5.40707904156521181e+02 -5.40636474232694468e+02 -5.40579149301471489e+02 -5.40532172717568869e+02 -5.40492444477730032e+02 -5.41309243626438388e+02 -5.42310773254133323e+02 -5.41035923124938790e+02 -5.41579646103084315e+02 -5.41148374977151775e+02 -5.41818878680142916e+02 -5.41423235561046681e+02 -5.41220550351558131e+02 -5.41087915881172421e+02 -5.40473068401283285e+02 -5.41030843848707150e+02 -5.40289936063343248e+02 -5.40644795358799911e+02 -5.40364960541713117e+02 -5.40779901513504910e+02 -5.40548147686876632e+02 -5.40413531783312237e+02 -5.40324496168563201e+02 -5.40860084459891823e+02 -5.41577174090951758e+02 -5.40647402621625361e+02 -5.41063228044306356e+02 -5.40734979239037102e+02 -5.40553633539866951e+02 -5.41144010391342022e+02 -5.40365461770053344e+02 -5.40733086665337055e+02 -5.40442435251590723e+02 -5.41011412489290933e+02 -5.41817237602205068e+02 -5.40783339710198788e+02 -5.40751365682538903e+02 -5.41419922712571861e+02 -5.40549914113081741e+02 -5.40605743309306945e+02 -5.41216614647755478e+02 -5.40510124347622195e+02 -5.41083121151234536e+02
custom
2.00000000000000011e-01 3.00000000000000000e+00
2.00000000000000011e-01 3.00000000000000000e+00
TASMANIAN SG end
