TASMANIAN SG 4.0
WARNING: do not edit this manually
localpolynomial
2 1 1 4
localp
1 2 59 0 0 0 1 0 2 0 3 0 4 0 5 0 6 0 7 0 8 0 9 0 10 0 11 0 12 0 13 0 14 0 15 0 16 1 0 1 1 1 2 1 3 1 4 1 5 1 6 1 7 1 8 2 0 2 1 2 2 2 3 2 4 2 5 2 6 2 7 2 8 3 0 3 1 3 2 3 3 3 4 4 0 4 1 4 2 4 3 4 4 5 0 5 1 5 2 6 0 6 1 6 2 7 0 7 1 7 2 8 0 8 1 8 2 9 0 10 0
1  1.58198450061293761e+00 -3.33954437287793926e+00 9.11403527398483515e-01 7.29924513149278642e-01 8.64188990391328016e-02 3.96055604752306056e-01 7.37850074648647158e-02 3.01137404275744203e-02 1.49821609561762159e-02 1.84195082728539905e-01 4.71343098229120017e-02 2.14396678457247081e-02 1.50983062499459031e-02 9.17318583509496577e-03 6.10828875489577428e-03 4.33260530695833701e-03 3.21838065751522961e-03 -3.33954437321097330e+00 -2.15827679186165966e+00 4.15212432117002539e-01 6.65122444104736754e-01 3.28419781824971224e-02 3.92758101686795591e-01 4.01670014869246472e-02 1.15889929704025008e-02 5.54678303181033172e-03 9.11403527401092983e-01 4.15212428594446958e-01 -5.19709537582691006e-02 -1.17664192429975278e-01 -4.44700997051694635e-03 -6.19701632221142384e-02 -1.71173292920876463e-02 -1.48697746967130229e-03 -8.10670188987616669e-04 7.29924513289037513e-01 6.65122443888977788e-01 -1.17664194161813951e-01 -2.12979623849459010e-01 -1.20176763963942834e-02 8.64188990153766934e-02 3.28419796298651256e-02 -4.44700987866086805e-03 -1.20176764849549977e-02 -4.39939918702392241e-04 3.96055604916361048e-01 3.92758101390473513e-01 -6.19701649889452533e-02 7.37850075611059530e-02 4.01670011857500064e-02 -1.71173248248184251e-02 3.01137403335087761e-02 1.15889925174184061e-02 -1.48697740541670065e-03 1.49821610688212203e-02 5.54678489370363792e-03 -8.10670518483380675e-04 1.84195083370038981e-01 4.71343098419729767e-02
0
0
1 0
0 4 5 6 8 10 12 14 16 18 18 18 18 18 18 18 18 18 21 22 23 25 27 27 27 27 27 30 31 32 34 36 36 36 36 36 40 41 42 42 42 46 47 48 48 48 52 52 52 54 54 54 56 56 56 58 58 58 58 58
17 26 1 2 3 4 5 6 7 8 9 10 11 12 13 14 15 16 35 18 19 20 21 22 23 24 25 40 27 28 29 30 31 32 33 34 45 48 36 37 38 39 51 54 41 42 43 44 57 58 46 47 49 50 52 53 55 56
1 59 1 1.58198450061293761e+00 -1.75755987226500188e+00 2.49338802801142112e+00 6.42136827323246506e-01 2.12410516335131216e+00 -1.61655917718571546e-01 1.18584567143295683e+00 1.88315857240969953e+00 2.32372875663754286e+00 -7.75412812263246654e-01 2.87374764625249690e-01 9.35430917223826319e-01 1.39901339227289334e+00 1.74174472234641353e+00 2.00974015663540140e+00 2.22824956530138607e+00 2.41177677298199722e+00 -1.75755987259803592e+00 -7.25538103733763506e+00 -4.30943913082549701e-01 -3.11142349771381976e+00 -9.74991015618663082e-01 -4.39458856108662665e+00 -2.32053967620413815e+00 -1.32457271071037219e+00 -6.82438520362619538e-01 2.49338802801403059e+00 -4.30943916269461713e-01 3.35282060165424500e+00 1.64348237659158780e+00 3.00507620390275410e+00 9.40354671691254640e-01 2.12510288047558626e+00 2.77785887891629546e+00 3.19311989354568793e+00 6.42136827296488577e-01 -3.11142349762330284e+00 1.64348237659165930e+00 -3.85137223811219231e-01 1.23363181367806107e+00 2.12410516332886079e+00 -9.74991015621989754e-01 3.00507620396954866e+00 1.23363181430277158e+00 2.64834613778437689e+00 -1.61655917734412430e-01 -4.39458856117363439e+00 9.40354671681970733e-01 1.18584567151581899e+00 -2.32053967619729606e+00 2.12510288503782752e+00 1.88315857230440820e+00 -1.32457271109256869e+00 2.77785887891857675e+00 2.32372875674026691e+00 -6.82438519983201042e-01 3.19311989336223467e+00 -7.75412811796185153e-01 2.87374764623010925e-01
custom
2.00000000000000011e-01 3.00000000000000000e+00
2.00000000000000011e-01 3.00000000000000000e+00
TASMANIAN SG end
