TASMANIAN SG 4.0
WARNING: do not edit this manually
localpolynomial
2 1 1 4
localp
1 2 55 0 0 0 1 0 2 0 3 0 4 0 5 0 6 0 7 0 8 0 9 0 10 0 11 0 12 0 13 0 14 0 15 0 16 1 0 1 1 1 2 1 3 1 4 1 5 1 6 1 7 1 8 2 0 2 1 2 2 2 3 2 4 2 5 2 6 2 7 2 8 3 0 3 1 3 2 3 3 3 4 4 0 4 1 4 2 4 3 4 4 5 0 5 1 5 2 6 0 6 1 6 2 7 0 7 1 8 0 8 1
1  -6.84303129816947830e+02 -3.99767071257883799e-04 1.82600861990067642e-04 5.84296053602884058e-05 1.14975586029686383e-05 3.04223476632614620e-05 6.52684570923156571e-06 3.52625306732079480e-06 2.31850958698487375e-06 1.27070834423648193e-05 3.59498574198369170e-06 1.89739625966467429e-06 1.35093466724356404e-06 9.80069103206915315e-07 7.92476612332393415e-07 6.29832584309042431e-07 5.33389879819878843e-07 -4.08451116072683362e-04 -1.24718281313107582e-04 4.92775944849199732e-05 1.84073131777040544e-05 4.19111682958828169e-06 7.84011984933385975e-06 2.43902712782073650e-06 1.34250137762137456e-06 7.64694107147079194e-07 1.85324715630486025e-04 4.92775939164857846e-05 -1.41854378625794197e-05 -9.73466842424386414e-06 -1.47930740013180184e-06 -5.00190100183317554e-06 -1.15269546085983166e-06 -5.15696626735007158e-07 -2.70126747636822984e-07 5.99168240569269983e-05 1.84073246600746643e-05 -9.73467240328318439e-06 -1.57337626660591923e-06 -6.51805436291397200e-07 1.16249102575238794e-05 4.19111620431067422e-06 -1.19996923331200378e-06 -6.51804953122336883e-07 -1.54651701222974225e-07 3.13128100515314145e-05 7.84014002874755533e-06 -5.00190765251318226e-06 6.95269250172714237e-06 2.43902434249321232e-06 -1.15269460820854874e-06 3.61901425094401930e-06 1.34250097971744253e-06 2.33648233916028403e-06 7.64694107147079194e-07
0
0
1 0
0 4 5 6 8 10 12 14 16 18 18 18 18 18 18 18 18 18 21 22 23 25 27 27 27 27 27 30 31 32 34 36 36 36 36 36 40 41 42 42 42 46 47 48 48 48 50 50 50 52 52 52 53 53 54 54
17 26 1 2 3 4 5 6 7 8 9 10 11 12 13 14 15 16 35 18 19 20 21 22 23 24 25 40 27 28 29 30 31 32 33 34 45 48 36 37 38 39 51 53 41 42 43 44 46 47 49 50 52 54
1 55 1 -6.84303129816947830e+02 -6.84303529584019088e+02 -6.84302947216085840e+02 -6.84303271270878099e+02 -6.84303027018958232e+02 -6.84303370005100987e+02 -6.84303194017067312e+02 -6.84303074891700021e+02 -6.84302984799012506e+02 -6.84303437087476595e+02 -6.84303317043003744e+02 -6.84303230746576446e+02 -6.84303160566072847e+02 -6.84303101374254766e+02 -6.84303050162852514e+02 -6.84303005279152785e+02 -6.84302965474159237e+02 -6.84303538268063903e+02 -6.84304062753416474e+02 -6.84303306389607428e+02 -6.84303723673821651e+02 -6.84303406640160233e+02 -6.84303854951151493e+02 -6.84303622005069883e+02 -6.84303467585357566e+02 -6.84303353431680080e+02 -6.84302944492232200e+02 -6.84303294981709541e+02 -6.84302776076808073e+02 -6.84303071042033935e+02 -6.84302850266268933e+02 -6.84303157591425133e+02 -6.84303002392982876e+02 -6.84302894368694183e+02 -6.84302811123155607e+02 -6.84303274125681810e+02 -6.84303717844569064e+02 -6.84303076620695037e+02 -6.84303429925239698e+02 -6.84303162431876785e+02 -6.84303025529679758e+02 -6.84303396466837853e+02 -6.84302851221505989e+02 -6.84303158087792553e+02 -6.84302927772339672e+02 -6.84303374884062805e+02 -6.84303851146042689e+02 -6.84303165194248777e+02 -6.84303195018622318e+02 -6.84303614322577232e+02 -6.84303006118392545e+02 -6.84303074054299600e+02 -6.84303458063913240e+02 -6.84302982674473697e+02 -6.84303342623097251e+02
custom
2.00000000000000011e-01 3.00000000000000000e+00
2.00000000000000011e-01 3.00000000000000000e+00
TASMANIAN SG end
