TASMANIAN SG 4.0
WARNING: do not edit this manually
localpolynomial
2 1 1 4
localp
1 2 55 0 0 0 1 0 2 0 3 0 4 0 5 0 6 0 7 0 8 0 9 0 10 0 11 0 12 0 13 0 14 0 15 0 16 1 0 1 1 1 2 1 3 1 4 1 5 1 6 1 7 1 8 2 0 2 1 2 2 2 3 2 4 2 5 2 6 2 7 2 8 3 0 3 1 3 2 3 3 3 4 4 0 4 1 4 2 4 3 4 4 5 0 5 1 5 2 6 0 6 1 6 2 7 0 7 1 8 0 8 1
1  -6.79393350845031250e+02 -1.80748278165765441e-02 6.88024977989698527e-03 3.17224686580175330e-03 5.28141711697571736e-04 1.75696325379703921e-03 3.28875755030821892e-04 1.65852096074559086e-04 1.03090052675725019e-04 7.18278424756135792e-04 1.96125463162388769e-04 9.01467078620044049e-05 7.06891487425309606e-05 4.57006883607391501e-05 3.69029881994720199e-05 2.83248626828935812e-05 2.32029133258038200e-05 -1.83409395655189655e-02 -7.91478068583728600e-03 2.23905784810085606e-03 1.63685811543246018e-03 2.08815567361853027e-04 7.46010825707799086e-04 1.79171501713426551e-04 7.30963777186843799e-05 3.42873112231245614e-05 6.97755694545776350e-03 2.23905785526312684e-03 -4.65198183292159229e-04 -5.91200428232241393e-04 -4.70555236233849428e-05 -3.60662913976739219e-04 -6.03993188974527584e-05 -1.82988248980109347e-05 -8.35676144106400898e-06 3.23138799979005853e-03 1.63685823025616628e-03 -5.91200427891180880e-04 -2.28703864820545277e-04 -5.58410829114563967e-05 5.27769213022111217e-04 2.08815566338671488e-04 -3.75083639028161997e-05 -5.58410793303210085e-05 -4.02459335191451828e-06 1.78165330532920052e-03 7.46012752330216244e-04 -3.60662988754256730e-04 3.50466563759255223e-04 1.79171433813962722e-04 -6.03993153447390796e-05 1.68422986121186113e-04 7.30963790829264326e-05 1.03408017707806721e-04 3.42873103136298596e-05
0
0
1 0
0 4 5 6 8 10 12 14 16 18 18 18 18 18 18 18 18 18 21 22 23 25 27 27 27 27 27 30 31 32 34 36 36 36 36 36 40 41 42 42 42 46 47 48 48 48 50 50 50 52 52 52 53 53 54 54
17 26 1 2 3 4 5 6 7 8 9 10 11 12 13 14 15 16 35 18 19 20 21 22 23 24 25 40 27 28 29 30 31 32 33 34 45 48 36 37 38 39 51 53 41 42 43 44 46 47 49 50 52 54
1 55 1 -6.79393350845031250e+02 -6.79411425672847827e+02 -6.79386470595251353e+02 -6.79399216012073680e+02 -6.79389382578429604e+02 -6.79403563879207013e+02 -6.79395954552797548e+02 -6.79391200859634409e+02 -6.79387823496787746e+02 -6.79406776497602777e+02 -6.79401193820177241e+02 -6.79397495135727695e+02 -6.79394582009765600e+02 -6.79392230151644526e+02 -6.79390254816043807e+02 -6.79388574712746049e+02 -6.79387123843106338e+02 -6.79411691784596769e+02 -6.79437681393099183e+02 -6.79402572476968771e+02 -6.79419877483866685e+02 -6.79406395173503711e+02 -6.79426276464403372e+02 -6.79415276586975097e+02 -6.79408804530576390e+02 -6.79404346447872285e+02 -6.79386373288085792e+02 -6.79402209058047106e+02 -6.79379958236489188e+02 -6.79391710126628936e+02 -6.79382684676099416e+02 -6.79395563291998201e+02 -6.79388773230921174e+02 -6.79384381428821371e+02 -6.79381226723003010e+02 -6.79399289926814276e+02 -6.79419685286743515e+02 -6.79391881348538163e+02 -6.79405725634720056e+02 -6.79395008929263668e+02 -6.79389334297345499e+02 -6.79406080780668162e+02 -6.79382724155021151e+02 -6.79394886733434532e+02 -6.79385528636826734e+02 -6.79403709202400250e+02 -6.79426155673863605e+02 -6.79395805922436921e+02 -6.79395969919358890e+02 -6.79415025841798069e+02 -6.79388885904646372e+02 -6.79391174148202253e+02 -6.79408511707392790e+02 -6.79387750384697938e+02 -6.79404007224029556e+02
custom
2.00000000000000011e-01 3.00000000000000000e+00
2.00000000000000011e-01 3.00000000000000000e+00
TASMANIAN SG end
