TASMANIAN SG 4.0
WARNING: do not edit this manually
localpolynomial
2 1 1 4
localp
1 2 55 0 0 0 1 0 2 0 3 0 4 0 5 0 6 0 7 0 8 0 9 0 10 0 11 0 12 0 13 0 14 0 15 0 16 1 0 1 1 1 2 1 3 1 4 1 5 1 6 1 7 1 8 2 0 2 1 2 2 2 3 2 4 2 5 2 6 2 7 2 8 3 0 3 1 3 2 3 3 3 4 4 0 4 1 4 2 4 3 4 4 5 0 5 1 5 2 6 0 6 1 6 2 7 0 7 1 8 0 8 1
1  -6.25576765279767642e+02 -2.46188174495046042e-01 8.05474116162940845e-02 4.80260061057151688e-02 7.08922037847514730e-03 2.72672264802622522e-02 4.96931023781144177e-03 2.33858815283838339e-03 1.28601003996209329e-03 1.15023742554285491e-02 2.98075018588406238e-03 1.34556347802572418e-03 1.05862863165384624e-03 6.49171384679902985e-04 5.11910178602192900e-04 3.62909288810442376e-04 2.82195840782151208e-04 -2.48171412533565672e-01 -1.32257907556663667e-01 3.01082821000591139e-02 3.41504347867953584e-02 2.56463260922146219e-03 1.71171318666551997e-02 2.96511998260484688e-03 8.97449982289799664e-04 4.25594587056821183e-04 8.14863841899295949e-02 3.01082823577871750e-02 -5.21766741542251111e-03 -8.43349549995764391e-03 -5.49777951334817772e-04 -5.82717056414594481e-03 -9.06684917652000877e-04 -2.37674098457318905e-04 -8.91383498924369633e-05 4.85184787256685013e-02 3.41504347784393758e-02 -8.43349533431592135e-03 -6.97936624240469428e-03 -8.94367927827488529e-04 7.11970316569932038e-03 2.56463249411353900e-03 -4.39796264572578366e-04 -8.94367837929621601e-04 -2.50265447618858161e-05 2.74727965863803547e-02 1.71171318535243699e-02 -5.82717029249124607e-03 5.16179314763576258e-03 2.96511997726156551e-03 -9.06684858250628167e-04 2.37166766873997403e-03 8.97449981209774705e-04 1.31574350393748318e-03 4.25594504633863835e-04
0
0
1 0
0 4 5 6 8 10 12 14 16 18 18 18 18 18 18 18 18 18 21 22 23 25 27 27 27 27 27 30 31 32 34 36 36 36 36 36 40 41 42 42 42 46 47 48 48 48 50 50 50 52 52 52 53 53 54 54
17 26 1 2 3 4 5 6 7 8 9 10 11 12 13 14 15 16 35 18 19 20 21 22 23 24 25 40 27 28 29 30 31 32 33 34 45 48 36 37 38 39 51 53 41 42 43 44 46 47 49 50 52 54
1 55 1 -6.25576765279767642e+02 -6.25822953454262688e+02 -6.25496217868151348e+02 -6.25651833360909450e+02 -6.25529402353581077e+02 -6.25710126181105807e+02 -6.25609330010100734e+02 -6.25550745228521464e+02 -6.25511524100826250e+02 -6.25755037443428819e+02 -6.25677999020821744e+02 -6.25629236122027123e+02 -6.25591989016302477e+02 -6.25563106082759873e+02 -6.25539561880872611e+02 -6.25520100317914853e+02 -6.25503588788647903e+02 -6.25824936692301208e+02 -6.26203382774352917e+02 -6.25714280998584854e+02 -6.25931983292434552e+02 -6.25759954992455391e+02 -6.26023298675046817e+02 -6.25870525562147350e+02 -6.25789209804243114e+02 -6.25735406390893104e+02 -6.25495278895577712e+02 -6.25711358787714971e+02 -6.25419949151376841e+02 -6.25563726331040584e+02 -6.25451074581050079e+02 -6.25616102503461775e+02 -6.25525439987988875e+02 -6.25471075824259515e+02 -6.25434314994523447e+02 -6.25652332507308756e+02 -6.25930499200803752e+02 -6.25565164449976805e+02 -6.25733293996799489e+02 -6.25601271309887579e+02 -6.25528902384506978e+02 -6.25757471785329017e+02 -6.25451403602863024e+02 -6.25600272194400191e+02 -6.25483363688827012e+02 -6.25711161803218602e+02 -6.26022351059138373e+02 -6.25618077097986998e+02 -6.25609387100390563e+02 -6.25868599414408322e+02 -6.25526436050774691e+02 -6.25550462164468513e+02 -6.25786943502145959e+02 -6.25510774896538464e+02 -6.25732673948513366e+02
custom
2.00000000000000011e-01 3.00000000000000000e+00
2.00000000000000011e-01 3.00000000000000000e+00
TASMANIAN SG end
