TASMANIAN SG 4.0
WARNING: do not edit this manually
localpolynomial
2 1 1 4
localp
1 2 61 0 0 0 1 0 2 0 3 0 4 0 5 0 6 0 7 0 8 0 9 0 10 0 11 0 12 0 13 0 14 0 15 0 16 1 0 1 1 1 2 1 3 1 4 1 5 1 6 1 7 1 8 2 0 2 1 2 2 2 3 2 4 2 5 2 6 2 7 2 8 3 0 3 1 3 2 3 3 3 4 4 0 4 1 4 2 4 3 4 4 5 0 5 1 5 2 6 0 6 1 6 2 7 0 7 1 7 2 8 0 8 1 8 2 9 0 10 0 11 0 12 0
1  -6.81859288615329774e+02 -8.85779940347219963e-03 3.49845535140502761e-03 1.50683025310627272e-03 2.58330652400218241e-04 8.25314967528356647e-04 1.57505844299521414e-04 8.07447878514722106e-05 5.08949951836257242e-05 3.37124378575026640e-04 9.31454367218975676e-05 4.36800439729267964e-05 3.36613558147291769e-05 2.22625066044201958e-05 1.79590490461123409e-05 1.39104771506026736e-05 1.15309419470577268e-05 -9.00164199981645652e-03 -3.65260946432499622e-03 1.10201237191631662e-03 7.09090946998003346e-04 1.03040518808938941e-04 3.17429993515361275e-04 8.12799370351058315e-05 3.56053492396313231e-05 1.71780715731983946e-05 3.54861298319519847e-03 1.10201237941964791e-03 -2.40561955592966115e-04 -2.79512867280118371e-04 -2.47042862042690103e-05 -1.64042439450895472e-04 -2.91725534111719753e-05 -9.42330763109566760e-06 -4.38398069491086062e-06 1.53633282263854198e-03 7.09091072110368259e-04 -2.79512878876175819e-04 -9.00265089001095475e-05 -2.49106145133737300e-05 2.58659331393573666e-04 1.03040519434216549e-04 -1.97381521047645947e-05 -2.49106108469732135e-05 -2.44354524170375953e-06 8.39387429550697561e-04 3.17430813851160565e-04 -1.64042521788587692e-04 1.69038501667273522e-04 8.12798755589483335e-05 -2.91725467320702592e-05 8.21698912432111683e-05 3.56053500354391872e-05 -3.83256463010184234e-06 5.10000070335081546e-05 1.71780708342339494e-05 -2.54584722370054806e-06 -1.73383796209236607e-09 9.32659372665511910e-06 9.68688948432827601e-06 1.05785215964715462e-05
0
0
1 0
0 4 5 6 8 10 12 14 16 18 18 18 18 18 18 18 18 18 21 22 23 25 27 27 27 27 27 30 31 32 34 36 36 36 36 36 40 41 42 42 42 46 47 48 48 48 52 52 52 56 56 56 58 58 58 60 60 60 60 60 60 60
17 26 1 2 3 4 5 6 7 8 9 10 11 12 13 14 15 16 35 18 19 20 21 22 23 24 25 40 27 28 29 30 31 32 33 34 45 48 36 37 38 39 51 54 41 42 43 44 57 58 46 47 59 60 49 50 52 53 55 56
1 61 1 -6.81859288615329774e+02 -6.81868146414733246e+02 -6.81855790159978369e+02 -6.81862210684778347e+02 -6.81857281057001728e+02 -6.81864353234788268e+02 -6.81860592144209704e+02 -6.81858204091377957e+02 -6.81856484713494865e+02 -6.81865912700382069e+02 -6.81863188814346586e+02 -6.81861357734450166e+02 -6.81859906718413981e+02 -6.81858724090847318e+02 -6.81857724615140796e+02 -6.81856868974771032e+02 -6.81856125905794670e+02 -6.81868290257329591e+02 -6.81880800666197388e+02 -6.81863689789606269e+02 -6.81872329540563442e+02 -6.81865628652296778e+02 -6.81875422358419428e+02 -6.81870071113165068e+02 -6.81866843104676036e+02 -6.81864591147884767e+02 -6.81855740002346579e+02 -6.81863495789370631e+02 -6.81852482108950767e+02 -6.81858390578472836e+02 -6.81853877429282420e+02 -6.81860281911393713e+02 -6.81856936957118705e+02 -6.81854737394334279e+02 -6.81853133258102162e+02 -6.81862253103507101e+02 -6.81872228116570568e+02 -6.81858483154848500e+02 -6.81865469260821101e+02 -6.81860083188880594e+02 -6.81857255649506783e+02 -6.81865459402201168e+02 -6.81853897213285336e+02 -6.81860015362645299e+02 -6.81855332896432060e+02 -6.81864432292988795e+02 -6.81875357573140491e+02 -6.81860411127319708e+02 -6.81860601820916713e+02 -6.81869936947274709e+02 -6.81856996791458528e+02 -6.81858189962527035e+02 -6.81866685133225928e+02 -6.81854765349305239e+02 -6.81856446825919647e+02 -6.81864409417707975e+02 -6.81853141206958185e+02 -6.81866361276893031e+02 -6.81863333371654107e+02 -6.81861417775322366e+02 -6.81859934639601761e+02
custom
2.00000000000000011e-01 3.00000000000000000e+00
2.00000000000000011e-01 3.00000000000000000e+00
TASMANIAN SG end
