TASMANIAN SG 4.0
WARNING: do not edit this manually
localpolynomial
2 1 1 4
localp
1 2 61 0 0 0 1 0 2 0 3 0 4 0 5 0 6 0 7 0 8 0 9 0 10 0 11 0 12 0 13 0 14 0 15 0 16 1 0 1 1 1 2 1 3 1 4 1 5 1 6 1 7 1 8 2 0 2 1 2 2 2 3 2 4 2 5 2 6 2 7 2 8 3 0 3 1 3 2 3 3 3 4 4 0 4 1 4 2 4 3 4 4 5 0 5 1 5 2 6 0 6 1 6 2 7 0 7 1 7 2 8 0 8 1 8 2 9 0 10 0 11 0 12 0
1  -6.69021539881588183e+02 -5.92747809033653539e-02 2.11362305690272478e-02 1.09289068185489668e-02 1.73214333540272492e-03 6.14826732430628908e-03 1.12677816457562585e-03 5.51493464286068047e-04 3.29363223499967717e-04 2.53391338696928869e-03 6.75963799608325644e-04 3.04303960206198099e-04 2.43036064830448595e-04 1.51812875969881134e-04 1.22639252026601753e-04 9.17115154379644082e-05 7.30674549913601368e-05 -5.99713774448673576e-02 -2.85714658547249201e-02 7.28405470738380245e-03 6.55414655778940869e-03 6.60322532155532826e-04 3.09913853590160215e-03 6.54619861506944289e-04 2.33899804811699141e-04 1.07377627898586070e-04 2.14324583099596566e-02 7.28405473580551188e-03 -1.39809041604621598e-03 -2.01183783264013982e-03 -1.42006467910960055e-04 -1.31017710219794026e-03 -2.03404943022178486e-04 -5.72939427456731210e-05 -2.47645927515804942e-05 1.10830814686551093e-02 6.55414655631147980e-03 -2.01183780819746971e-03 -1.08161625303182518e-03 -2.05222251622672047e-04 1.73500424955363997e-03 6.60322520218414866e-04 -1.09091413662554260e-04 -2.05222241390856652e-04 -8.43624468416237505e-06 6.22325479150731553e-03 3.09913853376997395e-03 -1.31017705896852021e-03 1.19692833322915249e-03 6.54619860398497622e-04 -2.03404939242091132e-04 5.61927260150696384e-04 2.33899805067494526e-04 -1.25049913037855731e-05 3.32591753135602630e-04 1.07377621219484354e-04 -8.88480943217473396e-06 -1.73361058841692284e-09 6.91475037228883593e-05 6.70129755917514558e-05 7.50300524714475614e-05
0
0
1 0
0 4 5 6 8 10 12 14 16 18 18 18 18 18 18 18 18 18 21 22 23 25 27 27 27 27 27 30 31 32 34 36 36 36 36 36 40 41 42 42 42 46 47 48 48 48 52 52 52 56 56 56 58 58 58 60 60 60 60 60 60 60
17 26 1 2 3 4 5 6 7 8 9 10 11 12 13 14 15 16 35 18 19 20 21 22 23 24 25 40 27 28 29 30 31 32 33 34 45 48 36 37 38 39 51 54 41 42 43 44 57 58 46 47 59 60 49 50 52 53 55 56
1 61 1 -6.69021539881588183e+02 -6.69080814662491548e+02 -6.69000403651019155e+02 -6.69040248365221373e+02 -6.69009239622968266e+02 -6.69054383246532097e+02 -6.69029767345240089e+02 -6.69014838258813938e+02 -6.69004492273770211e+02 -6.69065065041124853e+02 -6.69046639842077184e+02 -6.69034703551270468e+02 -6.69025410577349248e+02 -6.69018037257325204e+02 -6.69011916301639076e+02 -6.69006774236853744e+02 -6.69002374894939635e+02 -6.69081511259033050e+02 -6.69169357505791140e+02 -6.69053090973756639e+02 -6.69107951329035814e+02 -6.69064908650527286e+02 -6.69129407011553212e+02 -6.69092949896008349e+02 -6.69072424561511070e+02 -6.69058563071290564e+02 -6.69000107423278223e+02 -6.69052098149445783e+02 -6.68980369283125242e+02 -6.69017185717376037e+02 -6.68988648216334241e+02 -6.69029803843188915e+02 -6.69007723197105634e+02 -6.68993883620284691e+02 -6.68984204151098993e+02 -6.69040442488842018e+02 -6.69107448856116434e+02 -6.69017676068727496e+02 -6.69060821308634786e+02 -6.69027202196434814e+02 -6.69009088648183706e+02 -6.69064061079198837e+02 -6.68988760554236251e+02 -6.69026857098030405e+02 -6.68997271897353244e+02 -6.69054753619145913e+02 -6.69129080787628482e+02 -6.69030470443509444e+02 -6.69029794256881814e+02 -6.69092280211110392e+02 -6.69008046336479310e+02 -6.69014752337625850e+02 -6.69071642043780002e+02 -6.68994032680358828e+02 -6.69004265443977829e+02 -6.69057639644948040e+02 -6.68984241211737071e+02 -6.69068132440823092e+02 -6.69047528906490243e+02 -6.69035051359886324e+02 -6.69025592039182470e+02
custom
2.00000000000000011e-01 3.00000000000000000e+00
2.00000000000000011e-01 3.00000000000000000e+00
TASMANIAN SG end
