TASMANIAN SG 4.0
WARNING: do not edit this manually
localpolynomial
2 1 1 4
localp
1 2 59 0 0 0 1 0 2 0 3 0 4 0 5 0 6 0 7 0 8 0 9 0 10 0 11 0 12 0 13 0 14 0 15 0 16 1 0 1 1 1 2 1 3 1 4 1 5 1 6 1 7 1 8 2 0 2 1 2 2 2 3 2 4 2 5 2 6 2 7 2 8 3 0 3 1 3 2 3 3 3 4 4 0 4 1 4 2 4 3 4 4 5 0 5 1 5 2 6 0 6 1 6 2 7 0 7 1 7 2 8 0 8 1 8 2 9 0 10 0
1  -4.03555205811642509e+02 -1.29461469160065690e+00 3.78527510352569152e-01 2.70392690768289867e-01 3.52377496010376490e-02 1.51208504363978591e-01 2.79158459163113548e-02 1.22447639744223125e-02 6.18178733469676445e-03 6.71864262747021712e-02 1.70714914976315413e-02 7.89919438312836064e-03 5.75780253114999141e-03 3.57186720066238195e-03 2.53257811232288077e-03 1.74409104670303350e-03 1.34859107663487521e-03 -1.29869471115506485e+00 -7.83188130154144346e-01 1.59567229392791887e-01 2.28326967767998212e-01 1.27950587177565467e-02 1.25697507224884930e-01 1.59877420505551981e-02 4.34273420702879775e-03 2.17320292395584147e-03 3.80598014514362148e-01 1.59567233292989386e-01 -2.28164280988494284e-02 -4.41636161061467192e-02 -2.27685689259260471e-03 -2.88372220597068463e-02 -5.76236243455241492e-03 -1.06288680419197590e-03 -3.72500435759093307e-04 2.71254984461052118e-01 2.28326967704873596e-01 -4.41636141905235036e-02 -6.14486019474469458e-02 -4.46780338013752498e-03 3.54883362714417672e-02 1.27950567949142169e-02 -2.02896029952626122e-03 -4.46780219643017062e-03 -1.68948130124135787e-04 1.51744316288784376e-01 1.25697507129942210e-01 -2.88372197487518633e-02 2.84208101472813723e-02 1.59877419804814735e-02 -5.76236146550002104e-03 1.23240103981174798e-02 4.34273414737162966e-03 -2.88676037882851233e-04 6.26327267258375286e-03 2.17320122573028129e-03 -1.64047856401339232e-04 -1.73366743183578365e-09 1.68605231635865493e-03
0
0
1 0
0 4 5 6 8 10 12 14 16 18 18 18 18 18 18 18 18 18 21 22 23 25 27 27 27 27 27 30 31 32 34 36 36 36 36 36 40 41 42 42 42 46 47 48 48 48 52 52 52 54 54 54 56 56 56 58 58 58 58 58
17 26 1 2 3 4 5 6 7 8 9 10 11 12 13 14 15 16 35 18 19 20 21 22 23 24 25 40 27 28 29 30 31 32 33 34 45 48 36 37 38 39 51 54 41 42 43 44 57 58 46 47 49 50 52 53 55 56
1 59 1 -4.03555205811642509e+02 -4.04849820503243166e+02 -4.03176678301289940e+02 -4.03932120466674576e+02 -4.03330704306865186e+02 -4.04239761980594892e+02 -4.03715747293242202e+02 -4.03430710295279425e+02 -4.03247509516742866e+02 -4.04477604815644327e+02 -4.04068869732137159e+02 -4.03816034685575232e+02 -4.03629718749911149e+02 -4.03489386186260333e+02 -4.03378174722960011e+02 -4.03287362820757266e+02 -4.03210745317939825e+02 -4.04853900522797574e+02 -4.06931703344552375e+02 -4.04315805783052213e+02 -4.05394082275138715e+02 -4.04536820344606099e+02 -4.05885986798256681e+02 -4.05080087811001249e+02 -4.04678772935520385e+02 -4.04417958073570503e+02 -4.03174607797128147e+02 -4.04309655255435814e+02 -4.02818896714874427e+02 -4.03515902451619809e+02 -4.02963791363292842e+02 -4.03790407571223568e+02 -4.03323101640892219e+02 -4.03058017703040264e+02 -4.02885534752184697e+02 -4.03933298182758961e+02 -4.05391179971731844e+02 -4.03519150671900547e+02 -4.04339131504540546e+02 -4.03689056951749990e+02 -4.03329418468113886e+02 -4.04531454486273105e+02 -4.02964328132110268e+02 -4.03686593396674709e+02 -4.03112942927087488e+02 -4.04241855036489483e+02 -4.05883999834723340e+02 -4.03794571130936333e+02 -4.03715831187053482e+02 -4.05076091685359756e+02 -4.03325256037913505e+02 -4.03429988129480080e+02 -4.04673970750212675e+02 -4.03058467882339869e+02 -4.03245749859948432e+02 -4.04412118396956203e+02 -4.02885513198676165e+02 -4.04547877781377281e+02 -4.04085890557307835e+02
custom
2.00000000000000011e-01 3.00000000000000000e+00
2.00000000000000011e-01 3.00000000000000000e+00
TASMANIAN SG end
