TASMANIAN SG 4.0
WARNING: do not edit this manually
localpolynomial
2 1 1 4
localp
1 2 55 0 0 0 1 0 2 0 3 0 4 0 5 0 6 0 7 0 8 0 9 0 10 0 11 0 12 0 13 0 14 0 15 0 16 1 0 1 1 1 2 1 3 1 4 1 5 1 6 1 7 1 8 2 0 2 1 2 2 2 3 2 4 2 5 2 6 2 7 2 8 3 0 3 1 3 2 3 3 3 4 4 0 4 1 4 2 4 3 4 4 5 0 5 1 5 2 6 0 6 1 6 2 7 0 7 1 8 0 8 1
1  -6.65163915534307876e+02 -7.51576113503915622e-02 2.64344977194923558e-02 1.39901140779556954e-02 2.19421420229082287e-03 7.88958650525728444e-03 1.44243209456362820e-03 7.01611999829765409e-04 4.14290841149522748e-04 3.26055235325384274e-03 8.65507066805548675e-04 3.88947964211183717e-04 3.10916009766515344e-04 1.93175200593032059e-04 1.55872221512254328e-04 1.15698910121864174e-04 9.16503129246848403e-05 -7.59967233626639427e-02 -3.69065423814163296e-02 9.22328966817076434e-03 8.63977289935746740e-03 8.28728177907578356e-04 4.12040692020809729e-03 8.45114837034088850e-04 2.93623725440284034e-04 1.34904648518840986e-04 2.67985558963346193e-02 9.22328970898433909e-03 -1.74432945004809881e-03 -2.56110115623187085e-03 -1.77898939455189975e-04 -1.68847801040783452e-03 -2.59858985486971505e-04 -7.24081164662493393e-05 -3.07680235209772945e-05 1.41806514546942708e-02 8.63977289708373064e-03 -2.56110112326268791e-03 -1.47581165873589271e-03 -2.64207827825657660e-04 2.19817290292212419e-03 8.28728160797709279e-04 -1.37174071198842285e-04 -2.64207812904260209e-04 -9.76162030497107480e-06 7.97888917077216320e-03 4.12040691699644412e-03 -1.68847795143278745e-03 1.52670922091147077e-03 8.45114835755111926e-04 -2.59858979035243465e-04 7.14641141712490935e-04 2.93623725298175486e-04 4.19201200315910683e-04 1.34904637974386787e-04
0
0
1 0
0 4 5 6 8 10 12 14 16 18 18 18 18 18 18 18 18 18 21 22 23 25 27 27 27 27 27 30 31 32 34 36 36 36 36 36 40 41 42 42 42 46 47 48 48 48 50 50 50 52 52 52 53 53 54 54
17 26 1 2 3 4 5 6 7 8 9 10 11 12 13 14 15 16 35 18 19 20 21 22 23 24 25 40 27 28 29 30 31 32 33 34 45 48 36 37 38 39 51 53 41 42 43 44 46 47 49 50 52 54
1 55 1 -6.65163915534307876e+02 -6.65239073145658267e+02 -6.65137481036588383e+02 -6.65187504225905172e+02 -6.65148504071245839e+02 -6.65205399099276519e+02 -6.65174267448011960e+02 -6.65155508190777027e+02 -6.65142578263075961e+02 -6.65218975570114026e+02 -6.65195586155523870e+02 -6.65180496888994298e+02 -6.65168780575150208e+02 -6.65159518687341915e+02 -6.65151850258789864e+02 -6.65145425468250778e+02 -6.65139937999519361e+02 -6.65239912257670539e+02 -6.65351976411402347e+02 -6.65204254470282876e+02 -6.65273314447559187e+02 -6.65219060421596510e+02 -6.65300635436055359e+02 -6.65254325805683266e+02 -6.65228491103908254e+02 -6.65211108250450025e+02 -6.65137116978411541e+02 -6.65203051300052948e+02 -6.65112426810142097e+02 -6.65158655126310464e+02 -6.65122755579013983e+02 -6.65174652104686857e+02 -6.65146703479251869e+02 -6.65129307074829399e+02 -6.65117207671760411e+02 -6.65187733244534456e+02 -6.65272704354178586e+02 -6.65159248203104198e+02 -6.65213384610487537e+02 -6.65171146353355880e+02 -6.65148318083456729e+02 -6.65218035321791831e+02 -6.65122892924533517e+02 -6.65170731346937487e+02 -6.65133510000882893e+02 -6.65205843861931726e+02 -6.65300241086702613e+02 -6.65175460925474226e+02 -6.65174297680200311e+02 -6.65253516925861732e+02 -6.65147097769604443e+02 -6.65155402167740704e+02 -6.65227545968858067e+02 -6.65142298329733876e+02 -6.65209989205084185e+02
custom
2.00000000000000011e-01 3.00000000000000000e+00
2.00000000000000011e-01 3.00000000000000000e+00
TASMANIAN SG end
