TASMANIAN SG 4.0
WARNING: do not edit this manually
localpolynomial
2 1 1 4
localp
1 2 55 0 0 0 1 0 2 0 3 0 4 0 5 0 6 0 7 0 8 0 9 0 10 0 11 0 12 0 13 0 14 0 15 0 16 1 0 1 1 1 2 1 3 1 4 1 5 1 6 1 7 1 8 2 0 2 1 2 2 2 3 2 4 2 5 2 6 2 7 2 8 3 0 3 1 3 2 3 3 3 4 4 0 4 1 4 2 4 3 4 4 5 0 5 1 5 2 6 0 6 1 6 2 7 0 7 1 8 0 8 1
1  -5.04709492246107118e+02 -8.05832409556899165e-01 2.43621916894596779e-01 1.64904115596129941e-01 2.23984651209434560e-02 9.29891252391144008e-02 1.70857145346303696e-02 7.68936868064429291e-03 3.94701104488603960e-03 4.05773123986250539e-02 1.03368773150691595e-02 4.75740364566945573e-03 3.55660843251826009e-03 2.20013523187390092e-03 1.62096515907705907e-03 1.11215825700128335e-03 8.65637196511670481e-04 -8.09562032043629642e-01 -4.71528620640640383e-01 9.89593414946057237e-02 1.33125265030258788e-01 8.03178362906464827e-03 7.11094895579833519e-02 9.97326996230185614e-03 2.73702286472143896e-03 1.36309736660678027e-03 2.45485299971278437e-01 9.89593432499304981e-02 -1.50852960886140863e-02 -2.74355560973162937e-02 -1.57127677857715753e-03 -1.86958789709308348e-02 -3.35773698739672000e-03 -7.30918059304030976e-04 -2.47049133605514726e-04 1.65767022959300903e-01 1.33125264995356929e-01 -2.74355551646010554e-02 -3.30064600410366893e-02 -2.83040762282382730e-03 2.25654624915136992e-02 8.03178278442828741e-03 -1.34230050775840937e-03 -2.83040705707549023e-03 -9.82785122971563396e-05 9.34319471492699449e-02 7.11094895045079056e-02 -1.86958777174623947e-02 1.74976768078636269e-02 9.97326992872160645e-03 -3.35773654363435980e-03 7.75134680333167125e-03 2.73702284371779569e-03 4.02820170683071410e-03 1.36309666484635272e-03
0
0
1 0
0 4 5 6 8 10 12 14 16 18 18 18 18 18 18 18 18 18 21 22 23 25 27 27 27 27 27 30 31 32 34 36 36 36 36 36 40 41 42 42 42 46 47 48 48 48 50 50 50 52 52 52 53 53 54 54
17 26 1 2 3 4 5 6 7 8 9 10 11 12 13 14 15 16 35 18 19 20 21 22 23 24 25 40 27 28 29 30 31 32 33 34 45 48 36 37 38 39 51 53 41 42 43 44 46 47 49 50 52 54
1 55 1 -5.04709492246107118e+02 -5.05515324655664017e+02 -5.04465870329212521e+02 -5.04947504335289409e+02 -5.04565282822538848e+02 -5.05138425370237655e+02 -5.04811412576163661e+02 -5.04629698165642310e+02 -5.04511629564830855e+02 -5.05286297700552211e+02 -5.05032627975448463e+02 -5.04874701052080809e+02 -5.04756895802702843e+02 -5.04667395070642897e+02 -5.04595869528931530e+02 -5.04537344035427850e+02 -5.04487884309825176e+02 -5.05519054278150747e+02 -5.06796415308348287e+02 -5.05176473019761545e+02 -5.05859705412623100e+02 -5.05317333400206167e+02 -5.06163961745688596e+02 -5.05662320860890020e+02 -5.05407767447633034e+02 -5.05241593101572391e+02 -5.04464006946135839e+02 -5.05170880012442808e+02 -5.04235470325329857e+02 -5.04679974919790538e+02 -5.04328911447390510e+02 -5.04851134219848461e+02 -5.04558262955415898e+02 -5.04389500746141834e+02 -5.04278490924448874e+02 -5.04948506239169660e+02 -5.05856977694051523e+02 -5.04682840206692333e+02 -5.05204281678540383e+02 -5.04792089273618330e+02 -5.04564184133629965e+02 -5.05312505088777471e+02 -5.04329447165287434e+02 -5.04789988680713293e+02 -5.04425301101239370e+02 -5.05140348311510877e+02 -5.06162155064546141e+02 -5.04854920543795117e+02 -5.04811501565830554e+02 -5.05658680228121170e+02 -5.04560215327688184e+02 -5.04629086843065238e+02 -5.05403426502573666e+02 -5.04510067338176100e+02 -5.05236301252238434e+02
custom
2.00000000000000011e-01 3.00000000000000000e+00
2.00000000000000011e-01 3.00000000000000000e+00
TASMANIAN SG end
