TASMANIAN SG 4.0
WARNING: do not edit this manually
localpolynomial
2 1 1 4
localp
1 2 59 0 0 0 1 0 2 0 3 0 4 0 5 0 6 0 7 0 8 0 9 0 10 0 11 0 12 0 13 0 14 0 15 0 16 1 0 1 1 1 2 1 3 1 4 1 5 1 6 1 7 1 8 2 0 2 1 2 2 2 3 2 4 2 5 2 6 2 7 2 8 3 0 3 1 3 2 3 3 3 4 4 0 4 1 4 2 4 3 4 4 5 0 5 1 5 2 6 0 6 1 6 2 7 0 7 1 7 2 8 0 8 1 8 2 9 0 10 0
1  -6.60341441787997951e+02 -9.52927833117200862e-02 3.30518008689750786e-02 1.79067139951030185e-02 2.77807803183804936e-03 1.01198185692510378e-02 1.84686765055630531e-03 8.92696804385195719e-04 5.20575739187734143e-04 4.19556567430845462e-03 1.10818098278286925e-03 4.97572395374845655e-04 3.97614378471189411e-04 2.45914802576407965e-04 1.98030702563301020e-04 1.45790452734217979e-04 1.14870859306392958e-04 -9.62996285610415725e-02 -4.76615790702226150e-02 1.16804586358512097e-02 1.13840906230393557e-02 1.03936314309294175e-03 5.47819320632925155e-03 1.08954369352431968e-03 3.68020507721666945e-04 1.69549551344516658e-04 3.34972751883242381e-02 1.16804586947409916e-02 -2.17296216521845054e-03 -3.25669379304827089e-03 -2.23085217442076100e-04 -2.17223270345812125e-03 -3.32415361981475144e-04 -9.16956823857617564e-05 -3.81917536174114503e-05 1.81329562043401893e-02 1.13840906201971848e-02 -3.25669374791459632e-03 -2.01367018678411114e-03 -3.39188246528010495e-04 2.78385083231569297e-03 1.03936311842289797e-03 -1.71414548560733238e-04 -3.39188225495945517e-04 -1.13918080728581117e-05 1.02298259854478601e-02 5.47819320226494710e-03 -2.17223262328047895e-03 1.95182930474402383e-03 1.08954369196112566e-03 -3.32415351607551202e-04 9.08812119405411067e-04 3.68020507352184723e-04 -1.97500624210533715e-05 5.27933743228459207e-04 1.69549535172563992e-04 -1.39685842839298857e-05 -1.73349690157920122e-09 1.13665081471481244e-04
0
0
1 0
0 4 5 6 8 10 12 14 16 18 18 18 18 18 18 18 18 18 21 22 23 25 27 27 27 27 27 30 31 32 34 36 36 36 36 36 40 41 42 42 42 46 47 48 48 48 52 52 52 54 54 54 56 56 56 58 58 58 58 58
17 26 1 2 3 4 5 6 7 8 9 10 11 12 13 14 15 16 35 18 19 20 21 22 23 24 25 40 27 28 29 30 31 32 33 34 45 48 36 37 38 39 51 54 41 42 43 44 57 58 46 47 49 50 52 53 55 56
1 59 1 -6.60341441787997951e+02 -6.60436734571309671e+02 -6.60308389987128976e+02 -6.60371181465658651e+02 -6.60322137809531569e+02 -6.60393838199914853e+02 -6.60354464759177858e+02 -6.60330897101960431e+02 -6.60314743322591085e+02 -6.60411090819937954e+02 -6.60381401651804026e+02 -6.60362325540022880e+02 -6.60347555659209320e+02 -6.60335923530176615e+02 -6.60326319425043494e+02 -6.60318294775608592e+02 -6.60311451784000724e+02 -6.60437741416558993e+02 -6.60580695778940935e+02 -6.60393009157054166e+02 -6.60479927793131765e+02 -6.60411557845631705e+02 -6.60514713774260713e+02 -6.60455898193501298e+02 -6.60423388913783128e+02 -6.60401593376052460e+02 -6.60307944512809627e+02 -6.60391556837426606e+02 -6.60277065674105870e+02 -6.60335100654916005e+02 -6.60289950100643409e+02 -6.60355381160305456e+02 -6.60320008131574355e+02 -6.60298146305604405e+02 -6.60283025503389126e+02 -6.60371458646074075e+02 -6.60479198128300823e+02 -6.60335823309635089e+02 -6.60403743298067525e+02 -6.60350682406497754e+02 -6.60321909299571530e+02 -6.60410322490417457e+02 -6.60290115394333725e+02 -6.60350176716121268e+02 -6.60303357203337441e+02 -6.60394370205331143e+02 -6.60514238934433138e+02 -6.60356358639982545e+02 -6.60354498387731383e+02 -6.60454924976808570e+02 -6.60320487234428924e+02 -6.60330766731665335e+02 -6.60422251698236778e+02 -6.60298363628674338e+02 -6.60314398972447407e+02 -6.60400242180643545e+02 -6.60283076569060768e+02 -6.60416055812678678e+02 -6.60382800760621194e+02
custom
2.00000000000000011e-01 3.00000000000000000e+00
2.00000000000000011e-01 3.00000000000000000e+00
TASMANIAN SG end
