TASMANIAN SG 4.0
WARNING: do not edit this manually
localpolynomial
2 1 1 4
localp
1 2 59 0 0 0 1 0 2 0 3 0 4 0 5 0 6 0 7 0 8 0 9 0 10 0 11 0 12 0 13 0 14 0 15 0 16 1 0 1 1 1 2 1 3 1 4 1 5 1 6 1 7 1 8 2 0 2 1 2 2 2 3 2 4 2 5 2 6 2 7 2 8 3 0 3 1 3 2 3 3 3 4 4 0 4 1 4 2 4 3 4 4 5 0 5 1 5 2 6 0 6 1 6 2 7 0 7 1 7 2 8 0 8 1 8 2 9 0 10 0
1  -6.84435388659550426e+02 -2.25832984597218456e-05 1.16047070832792087e-05 2.79338496511627454e-06 6.23587084191967733e-07 1.40492966238525696e-06 3.32755917042959481e-07 1.86427541848388501e-07 1.27807538774504792e-07 6.09273115514952224e-07 1.70859266290790401e-07 1.14019258035114035e-07 5.75274725633789785e-08 6.16696524957660586e-08 4.74320813736994751e-08 3.51922153640771285e-08 3.26277813655906357e-08 -2.31506767249811674e-05 -5.33328056917525828e-06 2.61413458702008938e-06 6.32648493592569139e-07 2.06466722829645732e-07 2.70778457434062148e-07 9.51879997046489734e-08 5.34752189196296968e-08 3.83881229026883375e-08 1.17920317279640585e-05 2.61413447333325166e-06 -9.67468849921715446e-07 -3.58173792847082950e-07 -7.46803152651409619e-08 -1.94205370007694000e-07 -4.74837520414439496e-08 -2.44940565607976168e-08 -1.77343508767080493e-08 2.88818603166873800e-06 6.32649062026757747e-07 -3.58174133907596115e-07 -2.65785047304234467e-08 -3.06111189729563193e-08 6.33202944300137460e-07 2.06466779673064593e-07 -5.98154201725265011e-08 -3.06115452985977754e-08 -4.54889459433616139e-09 1.46403567669040058e-06 2.70778741651156452e-07 -1.94205767911626026e-07 3.39613279720651917e-07 9.51879428612301126e-08 -4.74838088848628104e-08 1.88961053027014714e-07 5.34752189196296968e-08 -4.23437995777931064e-09 1.32088985083100852e-07 3.83880660592694767e-08 -5.69048097531776875e-09 -1.73383796209236607e-09 1.63087179316789843e-08
0
0
1 0
0 4 5 6 8 10 12 14 16 18 18 18 18 18 18 18 18 18 21 22 23 25 27 27 27 27 27 30 31 32 34 36 36 36 36 36 40 41 42 42 42 46 47 48 48 48 52 52 52 54 54 54 56 56 56 58 58 58 58 58
17 26 1 2 3 4 5 6 7 8 9 10 11 12 13 14 15 16 35 18 19 20 21 22 23 24 25 40 27 28 29 30 31 32 33 34 45 48 36 37 38 39 51 54 41 42 43 44 57 58 46 47 49 50 52 53 55 56
1 59 1 -6.84435388659550426e+02 -6.84435411242848886e+02 -6.84435377054843343e+02 -6.84435397157814691e+02 -6.84435382233609857e+02 -6.84435402795402069e+02 -6.84435392575926699e+02 -6.84435385260152543e+02 -6.84435379516419061e+02 -6.84435406409852476e+02 -6.84435399805749057e+02 -6.84435394752851494e+02 -6.84435390560211090e+02 -6.84435386898181832e+02 -6.84435383699449176e+02 -6.84435380839822074e+02 -6.84435378253003364e+02 -6.84435411810227151e+02 -6.84435439726806180e+02 -6.84435397591385481e+02 -6.84435422342483207e+02 -6.84435403870752452e+02 -6.84435429358936631e+02 -6.84435416648411319e+02 -6.84435407600587041e+02 -6.84435400564873362e+02 -6.84435376867518698e+02 -6.84435396836682685e+02 -6.84435366230280465e+02 -6.84435384416889519e+02 -6.84435370999992756e+02 -6.84435389416061867e+02 -6.84435380356931887e+02 -6.84435373771822242e+02 -6.84435368505063479e+02 -6.84435397346702757e+02 -6.84435421963992439e+02 -6.84435384793102457e+02 -6.84435406572216834e+02 -6.84435390373693281e+02 -6.84435382130331618e+02 -6.84435403200096061e+02 -6.84435371069174380e+02 -6.84435390081527316e+02 -6.84435376018054853e+02 -6.84435403114429391e+02 -6.84435429110584892e+02 -6.84435389922414174e+02 -6.84435392663513312e+02 -6.84435416168619440e+02 -6.84435380631843486e+02 -6.84435385205979969e+02 -6.84435406979036316e+02 -6.84435373877282132e+02 -6.84435379366836173e+02 -6.84435399847912322e+02 -6.84435368523328975e+02 -6.84435407464062109e+02 -6.84435400214257243e+02
custom
2.00000000000000011e-01 3.00000000000000000e+00
2.00000000000000011e-01 3.00000000000000000e+00
TASMANIAN SG end
