TASMANIAN SG 4.0
WARNING: do not edit this manually
localpolynomial
2 1 1 4
localp
1 2 55 0 0 0 1 0 2 0 3 0 4 0 5 0 6 0 7 0 8 0 9 0 10 0 11 0 12 0 13 0 14 0 15 0 16 1 0 1 1 1 2 1 3 1 4 1 5 1 6 1 7 1 8 2 0 2 1 2 2 2 3 2 4 2 5 2 6 2 7 2 8 3 0 3 1 3 2 3 3 3 4 4 0 4 1 4 2 4 3 4 4 5 0 5 1 5 2 6 0 6 1 6 2 7 0 7 1 8 0 8 1
1  -4.59754421175683319e+02 -1.02141121839866855e+00 3.03714487542208644e-01 2.11135202232753727e-01 2.81073255121100374e-02 1.18620582928940621e-01 2.18465341854994222e-02 9.71381984709296376e-03 4.93999955256185785e-03 5.22134526138415822e-02 1.32786294828406426e-02 6.13129152520741627e-03 4.52581256359962936e-03 2.80517272369706916e-03 2.02823030264198678e-03 1.39198584588484664e-03 1.08130962433961031e-03 -1.02539281816274297e+00 -6.07734894262762282e-01 1.25649122032768901e-01 1.74409639975237951e-01 1.01302635184765677e-02 9.45425028606621254e-02 1.26396938805157788e-02 3.44118294484019316e-03 1.72130121129043800e-03 3.05719377966397587e-01 1.25649124642848165e-01 -1.85769022386352844e-02 -3.47841841838487653e-02 -1.89937634118564347e-03 -2.32908612203743814e-02 -4.39476436713448493e-03 -8.89235345312044956e-04 -3.03049912275810129e-04 2.12073902479687604e-01 1.74409639928370552e-01 -3.47841828495063510e-02 -4.50355511299989075e-02 -3.55267795283964460e-03 2.83178155975747359e-02 1.01302622464913838e-02 -1.66596168190835670e-03 -3.55267713463547352e-03 -1.29560087927416134e-04 1.19089580818183549e-01 9.45425027892525804e-02 -2.32908595185534750e-02 2.22803842196981350e-02 1.26396938319857099e-02 -4.39476371032299085e-03 9.78378510171751259e-03 3.44118290922779124e-03 5.02480642637692654e-03 1.72130012145998990e-03
0
0
1 0
0 4 5 6 8 10 12 14 16 18 18 18 18 18 18 18 18 18 21 22 23 25 27 27 27 27 27 30 31 32 34 36 36 36 36 36 40 41 42 42 42 46 47 48 48 48 50 50 50 52 52 52 53 53 54 54
17 26 1 2 3 4 5 6 7 8 9 10 11 12 13 14 15 16 35 18 19 20 21 22 23 24 25 40 27 28 29 30 31 32 33 34 45 48 36 37 38 39 51 53 41 42 43 44 46 47 49 50 52 54
1 55 1 -4.59754421175683319e+02 -4.60775832394081988e+02 -4.59450706688141111e+02 -4.60053991582649928e+02 -4.59574456606400076e+02 -4.60296291405436989e+02 -4.59882359844981124e+02 -4.59654725071194605e+02 -4.59507641647718060e+02 -4.60483848447145647e+02 -4.60161862864560590e+02 -4.59962044422290319e+02 -4.59813864697768622e+02 -4.59701767950715293e+02 -4.59612562608494727e+02 -4.59539657141213183e+02 -4.59478092858305217e+02 -4.60779813993846062e+02 -4.62408960106507493e+02 -4.60350450384271085e+02 -4.61208842207968758e+02 -4.60526894600027958e+02 -4.61595738071448523e+02 -4.60959841872841423e+02 -4.60640199294145077e+02 -4.60432011191385698e+02 -4.59448701797716922e+02 -4.60344463891472742e+02 -4.59163564212413348e+02 -4.59720231826545955e+02 -4.59279925055894182e+02 -4.59937018137300754e+02 -4.59567015042313074e+02 -4.59355488842303771e+02 -4.59217107684513508e+02 -4.60055043682284975e+02 -4.61205912707886682e+02 -4.59723288816575916e+02 -4.60377173723995497e+02 -4.59859546470111979e+02 -4.59573243671102546e+02 -4.60521700064933270e+02 -4.59280483596361591e+02 -4.59857281435011771e+02 -4.59399835556478479e+02 -4.60298339257247335e+02 -4.61593804323589666e+02 -4.59941070879123913e+02 -4.59882452044764477e+02 -4.60955952472932665e+02 -4.59569112131849124e+02 -4.59654048638291215e+02 -4.60635541261496655e+02 -4.59505947927983357e+02 -4.60426335871655226e+02
custom
2.00000000000000011e-01 3.00000000000000000e+00
2.00000000000000011e-01 3.00000000000000000e+00
TASMANIAN SG end
