TASMANIAN SG 4.0
WARNING: do not edit this manually
localpolynomial
2 1 1 4
localp
1 2 55 0 0 0 1 0 2 0 3 0 4 0 5 0 6 0 7 0 8 0 9 0 10 0 11 0 12 0 13 0 14 0 15 0 16 1 0 1 1 1 2 1 3 1 4 1 5 1 6 1 7 1 8 2 0 2 1 2 2 2 3 2 4 2 5 2 6 2 7 2 8 3 0 3 1 3 2 3 3 3 4 4 0 4 1 4 2 4 3 4 4 5 0 5 1 5 2 6 0 6 1 6 2 7 0 7 1 8 0 8 1
1  -6.46776281804692189e+02 -1.53175808047308237e-01 5.16268463993583282e-02 2.93284988141522263e-02 4.44470986269607238e-03 1.66274858231645339e-02 3.02906126194102399e-03 1.44530297677647468e-03 8.19525223391792679e-04 6.94686840472513722e-03 1.81697916082157462e-03 8.16619857801015314e-04 6.49447580144624226e-04 3.99126156935381005e-04 3.19024175723825465e-04 2.30608669426146662e-04 1.80145824742794503e-04 -1.54605498336195524e-01 -7.94310927352626095e-02 1.87438700511393108e-02 1.97371311401752791e-02 1.63276950002000376e-03 9.68352512632009166e-03 1.80302759264350243e-03 5.75795483939600672e-04 2.68254167792747467e-04 5.22829850158359477e-02 1.87438701738074087e-02 -3.37354642829268414e-03 -5.24975894376211727e-03 -3.50955800058727618e-04 -3.57418467740444612e-03 -5.46696729600171238e-04 -1.47569949319859006e-04 -5.85854000405561237e-05 2.96659377628429866e-02 1.97371311353435885e-02 -5.24975885798539821e-03 -3.74888819081320435e-03 -5.54111165229187463e-04 4.45799538897517778e-03 1.63276944738299790e-03 -2.73770353487634566e-04 -5.54111121545020069e-04 -1.61714820592351316e-05 1.67802193168427038e-02 9.68352511927150772e-03 -3.57418452927049657e-03 3.17526553681091173e-03 1.80302759008554858e-03 -5.46696704191163008e-04 1.46909725026489468e-03 5.75795483484853321e-04 8.35073486996407155e-04 2.68254131981393584e-04
0
0
1 0
0 4 5 6 8 10 12 14 16 18 18 18 18 18 18 18 18 18 21 22 23 25 27 27 27 27 27 30 31 32 34 36 36 36 36 36 40 41 42 42 42 46 47 48 48 48 50 50 50 52 52 52 53 53 54 54
17 26 1 2 3 4 5 6 7 8 9 10 11 12 13 14 15 16 35 18 19 20 21 22 23 24 25 40 27 28 29 30 31 32 33 34 45 48 36 37 38 39 51 53 41 42 43 44 46 47 49 50 52 54
1 55 1 -6.46776281804692189e+02 -6.46929457612739498e+02 -6.46724654958292831e+02 -6.46823541209901691e+02 -6.46746023671629814e+02 -6.46859871925497373e+02 -6.46796882446034942e+02 -6.46759707435184168e+02 -6.46734519789737988e+02 -6.46887717900713710e+02 -6.46839889588538767e+02 -6.46809395208110573e+02 -6.46785932677783421e+02 -6.46767595493781300e+02 -6.46752546529231267e+02 -6.46740041122014418e+02 -6.46729407228190667e+02 -6.46930887303028385e+02 -6.47163494203810956e+02 -6.46860516586577887e+02 -6.46998125123465343e+02 -6.46889624465440420e+02 -6.47054498652688608e+02 -6.46959674124392222e+02 -6.46908234785773629e+02 -6.46873982746617912e+02 -6.46723998819676353e+02 -6.46858430757549854e+02 -6.46675745519705288e+02 -6.46767136048742714e+02 -6.46695778415628183e+02 -6.46799730102000467e+02 -6.46743085069677250e+02 -6.46708590884624755e+02 -6.46685001027843441e+02 -6.46823918616097444e+02 -6.46997072839377097e+02 -6.46768169593530502e+02 -6.46875047551543844e+02 -6.46791337121366496e+02 -6.46745682316795296e+02 -6.46887853420308261e+02 -6.46696016013963572e+02 -6.46790618360331109e+02 -6.46716596104898827e+02 -6.46860622740245958e+02 -6.47053819777157855e+02 -6.46801137055266736e+02 -6.46796924944858119e+02 -6.46958286932931401e+02 -6.46743783707079047e+02 -6.46759512963493535e+02 -6.46906610623790129e+02 -6.46734005494748772e+02 -6.46872038761310023e+02
custom
2.00000000000000011e-01 3.00000000000000000e+00
2.00000000000000011e-01 3.00000000000000000e+00
TASMANIAN SG end
