TASMANIAN SG 4.0
WARNING: do not edit this manually
localpolynomial
2 1 1 4
localp
1 2 55 0 0 0 1 0 2 0 3 0 4 0 5 0 6 0 7 0 8 0 9 0 10 0 11 0 12 0 13 0 14 0 15 0 16 1 0 1 1 1 2 1 3 1 4 1 5 1 6 1 7 1 8 2 0 2 1 2 2 2 3 2 4 2 5 2 6 2 7 2 8 3 0 3 1 3 2 3 3 3 4 4 0 4 1 4 2 4 3 4 4 5 0 5 1 5 2 6 0 6 1 6 2 7 0 7 1 8 0 8 1
1  -6.84429902020624240e+02 -3.64937845915846992e-05 1.84108978373842547e-05 4.65364053070516093e-06 1.01895795978634851e-06 2.34988408465142129e-06 5.50160507373220753e-07 3.06479705614037812e-07 2.08574192583910190e-07 1.01391333373612724e-06 2.84567477137898095e-07 1.77142965185339563e-07 1.02764488474349491e-07 9.46722593653248623e-08 7.42952579457778484e-08 5.70452129977638833e-08 5.11558937432710081e-08 -3.73913080693455413e-05 -9.03876730262709316e-06 4.28014334374893224e-06 1.10248583951033652e-06 3.33507216510042781e-07 4.67706001927581383e-07 1.60690717621037038e-07 9.30452870306908153e-08 6.27846361567208078e-08 1.87068702643955476e-05 4.28014311637525680e-06 -1.53417738602001918e-06 -6.40532960005657515e-07 -1.31153853999421699e-07 -3.30822217620152514e-07 -8.31294642011926044e-08 -4.32776801062573213e-08 -2.82233258985797875e-08 4.80515438994189026e-06 1.10248652163136285e-06 -6.40533585283264983e-07 -5.93786921854189131e-08 -4.58758506738377037e-08 1.03646652860334143e-06 3.33507216510042781e-07 -1.06428785784373758e-07 -4.58761633126414381e-08 -9.71147073869360611e-09 2.44313787334249355e-06 4.67707366169634042e-07 -3.30822615524084540e-07 5.68098130315775052e-07 1.60690831307874760e-07 -8.31295778880303260e-08 3.13158466269669589e-07 9.30449743918870809e-08 2.13864950637798756e-07 6.27845508915925166e-08
0
0
1 0
0 4 5 6 8 10 12 14 16 18 18 18 18 18 18 18 18 18 21 22 23 25 27 27 27 27 27 30 31 32 34 36 36 36 36 36 40 41 42 42 42 46 47 48 48 48 50 50 50 52 52 52 53 53 54 54
17 26 1 2 3 4 5 6 7 8 9 10 11 12 13 14 15 16 35 18 19 20 21 22 23 24 25 40 27 28 29 30 31 32 33 34 45 48 36 37 38 39 51 53 41 42 43 44 46 47 49 50 52 54
1 55 1 -6.84429902020624240e+02 -6.84429938514408832e+02 -6.84429883609726403e+02 -6.84429915613876005e+02 -6.84429891796217362e+02 -6.84429924714258277e+02 -6.84429908267089672e+02 -6.84429896601941095e+02 -6.84429887494397690e+02 -6.84429930600420221e+02 -6.84429919879499721e+02 -6.84429911763339760e+02 -6.84429905041092411e+02 -6.84429899216610465e+02 -6.84429894124783914e+02 -6.84429889588262313e+02 -6.84429885500906153e+02 -6.84429939411932310e+02 -6.84429984944484204e+02 -6.84429916720891129e+02 -6.84429956422081887e+02 -6.84429926713946543e+02 -6.84429967865693015e+02 -6.84429947206155930e+02 -6.84429932663414547e+02 -6.84429921446060007e+02 -6.84429883313753976e+02 -6.84429915527395451e+02 -6.84429866437033525e+02 -6.84429895407467143e+02 -6.84429873987589644e+02 -6.84429903448369487e+02 -6.84429888893579573e+02 -6.84429878387469785e+02 -6.84429870031960718e+02 -6.84429915911123885e+02 -6.84429955821805606e+02 -6.84429896000687904e+02 -6.84429930720959987e+02 -6.84429904816070234e+02 -6.84429891630722523e+02 -6.84429925650928453e+02 -6.84429874093342278e+02 -6.84429904353327629e+02 -6.84429881918362867e+02 -6.84429925218390281e+02 -6.84429967472299609e+02 -6.84429904248474259e+02 -6.84429908397775876e+02 -6.84429946439318201e+02 -6.84429889320238544e+02 -6.84429896512514915e+02 -6.84429931676465230e+02 -6.84429887258373356e+02 -6.84429920312512422e+02
custom
2.00000000000000011e-01 3.00000000000000000e+00
2.00000000000000011e-01 3.00000000000000000e+00
TASMANIAN SG end
