TASMANIAN SG 4.0
WARNING: do not edit this manually
localpolynomial
2 1 1 4
localp
1 2 55 0 0 0 1 0 2 0 3 0 4 0 5 0 6 0 7 0 8 0 9 0 10 0 11 0 12 0 13 0 14 0 15 0 16 1 0 1 1 1 2 1 3 1 4 1 5 1 6 1 7 1 8 2 0 2 1 2 2 2 3 2 4 2 5 2 6 2 7 2 8 3 0 3 1 3 2 3 3 3 4 4 0 4 1 4 2 4 3 4 4 5 0 5 1 5 2 6 0 6 1 6 2 7 0 7 1 8 0 8 1
1  -6.84398622882148288e+02 -1.20935592235582590e-04 5.81324388804205228e-05 1.65519278425563243e-05 3.43981025707762456e-06 8.47295950734405778e-06 1.90584080428379821e-06 1.04577679849171545e-06 6.99540805726428516e-07 3.59648015546554234e-06 1.01479633940471103e-06 5.69647909287596121e-07 3.84963300348317716e-07 2.97894644063489977e-07 2.39482346842123661e-07 1.90136120181705337e-07 1.63543404596566688e-07 -1.23746607528119057e-04 -3.36674271466108621e-05 1.46041872994828736e-05 4.49193026952343644e-06 1.17230058549466776e-06 1.89804728734088712e-06 6.21204094386484940e-07 3.59251430381846149e-07 2.19753474084427580e-07 5.90369236306287348e-05 1.46041870721091982e-05 -4.71440364435693482e-06 -2.55452243891340913e-06 -4.63322464838711312e-07 -1.28241850916310796e-06 -3.16767170716047985e-07 -1.56672172124672215e-07 -8.87342253008682746e-08 1.70230265439386130e-05 4.49193368012856808e-06 -2.55452363262520521e-06 -3.23641245358885499e-07 -1.60827681838782155e-07 3.49428933077433612e-06 1.17230024443415459e-06 -3.75558670384634752e-07 -1.60827880790748168e-07 -4.30572129062056774e-08 8.76660055837419350e-06 1.89805209060978086e-06 -1.28242029973080207e-06 2.00745819256553659e-06 6.21203554374005762e-07 -3.16767312824595137e-07 1.07540768112812657e-06 3.59251203008170705e-07 7.09216237737564370e-07 2.19753587771265302e-07
0
0
1 0
0 4 5 6 8 10 12 14 16 18 18 18 18 18 18 18 18 18 21 22 23 25 27 27 27 27 27 30 31 32 34 36 36 36 36 36 40 41 42 42 42 46 47 48 48 48 50 50 50 52 52 52 53 53 54 54
17 26 1 2 3 4 5 6 7 8 9 10 11 12 13 14 15 16 35 18 19 20 21 22 23 24 25 40 27 28 29 30 31 32 33 34 45 48 36 37 38 39 51 53 41 42 43 44 46 47 49 50 52 54
1 55 1 -6.84398622882148288e+02 -6.84398743817740524e+02 -6.84398564749709408e+02 -6.84398666798016507e+02 -6.84398590376118591e+02 -6.84398696834919065e+02 -6.84398642934241707e+02 -6.84398605583356584e+02 -6.84398576863373137e+02 -6.84398716729849639e+02 -6.84398680801671389e+02 -6.84398654296481141e+02 -6.84398632523231754e+02 -6.84398613934857849e+02 -6.84398597740255354e+02 -6.84398583429609744e+02 -6.84398570642997811e+02 -6.84398746628755816e+02 -6.84398901231775199e+02 -6.84398673892129636e+02 -6.84398802886407339e+02 -6.84398705648331884e+02 -6.84398841688084531e+02 -6.84398772230536679e+02 -6.84398724733515564e+02 -6.84398688850936423e+02 -6.84398563845224658e+02 -6.84398670176629821e+02 -6.84398510427189422e+02 -6.84398603013521779e+02 -6.84398534159719247e+02 -6.84398629404534859e+02 -6.84398581840299698e+02 -6.84398548113367383e+02 -6.84398521682647697e+02 -6.84398667732425452e+02 -6.84398801009797580e+02 -6.84398604852416611e+02 -6.84398715896859812e+02 -6.84398632427288135e+02 -6.84398589869397142e+02 -6.84398702330595597e+02 -6.84398534469718697e+02 -6.84398630986157627e+02 -6.84398559004466165e+02 -6.84398698413990132e+02 -6.84398840456133826e+02 -6.84398631888092837e+02 -6.84398643299828677e+02 -6.84398769785107334e+02 -6.84398583110372101e+02 -6.84398605300365034e+02 -6.84398721639509176e+02 -6.84398576148094662e+02 -6.84398685324642884e+02
custom
2.00000000000000011e-01 3.00000000000000000e+00
2.00000000000000011e-01 3.00000000000000000e+00
TASMANIAN SG end
