TASMANIAN SG 4.0
WARNING: do not edit this manually
localpolynomial
2 1 1 4
localp
1 2 55 0 0 0 1 0 2 0 3 0 4 0 5 0 6 0 7 0 8 0 9 0 10 0 11 0 12 0 13 0 14 0 15 0 16 1 0 1 1 1 2 1 3 1 4 1 5 1 6 1 7 1 8 2 0 2 1 2 2 2 3 2 4 2 5 2 6 2 7 2 8 3 0 3 1 3 2 3 3 3 4 4 0 4 1 4 2 4 3 4 4 5 0 5 1 5 2 6 0 6 1 6 2 7 0 7 1 8 0 8 1
1  -6.80404057209299253e+02 -1.42511512503915583e-02 5.49282889676305786e-03 2.47564990559112630e-03 4.16182289882272016e-04 1.36620357034189510e-03 2.57257583712089399e-04 1.30468434804242861e-04 8.15231317119469168e-05 5.58203246328048408e-04 1.53052202676917659e-04 7.07842411884485045e-05 5.52011904346727533e-05 3.59593410621528164e-05 2.90249149657029193e-05 2.23540298520674696e-05 1.83936357416314422e-05 -1.44683297476149164e-02 -6.11795030442863208e-03 1.76814525207191764e-03 1.23892653658685958e-03 1.65242561365630536e-04 5.61107284454465116e-04 1.37806387442651612e-04 5.76146227331264527e-05 2.72539077741384972e-05 5.57093357303983794e-03 1.76814525946156209e-03 -3.73084769648812653e-04 -4.61104711632742692e-04 -3.79140823838497454e-05 -2.77642155651847133e-04 -4.74037673825478123e-05 -1.46494108435035741e-05 -6.73481247304152930e-06 2.52260816648686159e-03 1.23892666726987954e-03 -4.61104716237059620e-04 -1.67613523075260673e-04 -4.27516332592858816e-05 4.16147971009195317e-04 1.65242561422473955e-04 -3.01398953865827934e-05 -4.27516292802465614e-05 -3.42922589879890438e-06 1.38674930440174649e-03 5.61108733734272391e-04 -2.77642242792808247e-04 2.74927168220528984e-04 1.37806314626232052e-04 -4.74037624940137903e-05 1.32615370603161864e-04 5.76146237278862827e-05 8.17235822978545912e-05 2.72539068930655048e-05
0
0
1 0
0 4 5 6 8 10 12 14 16 18 18 18 18 18 18 18 18 18 21 22 23 25 27 27 27 27 27 30 31 32 34 36 36 36 36 36 40 41 42 42 42 46 47 48 48 48 50 50 50 52 52 52 53 53 54 54
17 26 1 2 3 4 5 6 7 8 9 10 11 12 13 14 15 16 35 18 19 20 21 22 23 24 25 40 27 28 29 30 31 32 33 34 45 48 36 37 38 39 51 53 41 42 43 44 46 47 49 50 52 54
1 55 1 -6.80404057209299253e+02 -6.80418308360549645e+02 -6.80398564380402490e+02 -6.80408707135018858e+02 -6.80400894612561046e+02 -6.80412141544213910e+02 -6.80406124914575344e+02 -6.80402345442495289e+02 -6.80399647973350056e+02 -6.80414666749135449e+02 -6.80410271287413707e+02 -6.80407345240555969e+02 -6.80405035860746921e+02 -6.80403165366556323e+02 -6.80401591002613259e+02 -6.80400248938925643e+02 -6.80399087783240475e+02 -6.80418525539046868e+02 -6.80438894640601688e+02 -6.80411264564898033e+02 -6.80424995513382100e+02 -6.80414313627121146e+02 -6.80430017766137098e+02 -6.80421365462243330e+02 -6.80416231500026470e+02 -6.80412680318970160e+02 -6.80398486275726214e+02 -6.80410969281717144e+02 -6.80393366531599099e+02 -6.80402713233527720e+02 -6.80395548135455101e+02 -6.80405752696207742e+02 -6.80400389900810637e+02 -6.80396901386566697e+02 -6.80394382545207918e+02 -6.80408768766006574e+02 -6.80424839965741967e+02 -6.80402852969200012e+02 -6.80413876866223404e+02 -6.80405354815665874e+02 -6.80400855594541667e+02 -6.80414057430600906e+02 -6.80395579447925229e+02 -6.80405254166650820e+02 -6.80397823725210628e+02 -6.80412260403222263e+02 -6.80429919445133692e+02 -6.80405949659987300e+02 -6.80406138060484750e+02 -6.80421161429663016e+02 -6.80400481151395525e+02 -6.80402323786549914e+02 -6.80415992665580916e+02 -6.80399589211551643e+02 -6.80412404378669862e+02
custom
2.00000000000000011e-01 3.00000000000000000e+00
2.00000000000000011e-01 3.00000000000000000e+00
TASMANIAN SG end
