TASMANIAN SG 4.0
WARNING: do not edit this manually
localpolynomial
2 1 1 4
localp
1 2 55 0 0 0 1 0 2 0 3 0 4 0 5 0 6 0 7 0 8 0 9 0 10 0 11 0 12 0 13 0 14 0 15 0 16 1 0 1 1 1 2 1 3 1 4 1 5 1 6 1 7 1 8 2 0 2 1 2 2 2 3 2 4 2 5 2 6 2 7 2 8 3 0 3 1 3 2 3 3 3 4 4 0 4 1 4 2 4 3 4 4 5 0 5 1 5 2 6 0 6 1 6 2 7 0 7 1 8 0 8 1
1  -6.37354764704942454e+02 -1.94193638874139651e-01 6.44952362549702229e-02 3.75308646001712987e-02 5.61572326171244640e-03 2.12982367252152471e-02 3.87971823079169553e-03 1.83873693015357276e-03 1.02694206441356073e-03 8.93898678475579800e-03 2.32699351010978717e-03 1.04772689587662171e-03 8.29396143899430172e-04 5.08888681224561878e-04 4.04367175406150636e-04 2.89470435291150352e-04 2.25481703637342434e-04 -1.95883212147691665e-01 -1.02506938742521925e-01 2.37527273935711492e-02 2.59689554380315712e-02 2.04610144311345721e-03 1.28745515286823320e-02 2.31406730847538711e-03 7.19084177774220734e-04 3.37762691742682364e-04 6.52834658354777275e-02 2.37527275711499897e-02 -4.19788414512822783e-03 -6.65629460053196453e-03 -4.39686893457746919e-04 -4.56948558525027693e-03 -7.03227846543086343e-04 -1.87346306915969762e-04 -7.23459996265773952e-05 3.79397756772732464e-02 2.59689554317219518e-02 -6.65629448155868886e-03 -5.11516063502881480e-03 -7.05036274069925639e-04 5.63597454174669110e-03 2.04610136523797337e-03 -3.46853481971720612e-04 -7.05036211456899764e-04 -1.98773030888332869e-05 2.14762550909881611e-02 1.28745515189052639e-02 -4.56948538493406886e-03 4.04889869753333187e-03 2.31406730478056488e-03 -7.03227807491657586e-04 1.86703580686753412e-03 7.19084177120521417e-04 1.04874175178792939e-03 3.37762637201421967e-04
0
0
1 0
0 4 5 6 8 10 12 14 16 18 18 18 18 18 18 18 18 18 21 22 23 25 27 27 27 27 27 30 31 32 34 36 36 36 36 36 40 41 42 42 42 46 47 48 48 48 50 50 50 52 52 52 53 53 54 54
17 26 1 2 3 4 5 6 7 8 9 10 11 12 13 14 15 16 35 18 19 20 21 22 23 24 25 40 27 28 29 30 31 32 33 34 45 48 36 37 38 39 51 53 41 42 43 44 46 47 49 50 52 54
1 55 1 -6.37354764704942454e+02 -6.37548958343816594e+02 -6.37290269468687484e+02 -6.37414330659779353e+02 -6.37316901363553256e+02 -6.37460346265072758e+02 -6.37380667964129998e+02 -6.37333994297317759e+02 -6.37302558474055900e+02 -6.37495713317659920e+02 -6.37435011468915945e+02 -6.37396451585058912e+02 -6.37366886938392327e+02 -6.37343870612448882e+02 -6.37325043463259931e+02 -6.37309440448369287e+02 -6.37296188489668111e+02 -6.37550647917090146e+02 -6.37847348494706807e+02 -6.37462399953441604e+02 -6.37635498385860274e+02 -6.37498862110561049e+02 -6.37707250652029643e+02 -6.37586879365935943e+02 -6.37522197192717613e+02 -6.37479266327245114e+02 -6.37289481239106976e+02 -6.37459922150409966e+02 -6.37229183886997134e+02 -6.37343827124758832e+02 -6.37254156526683801e+02 -6.37385145886444434e+02 -6.37313477691548655e+02 -6.37270167492272208e+02 -6.37240715610775737e+02 -6.37414766535339027e+02 -6.37634244688152648e+02 -6.37345051229868886e+02 -6.37479105430061736e+02 -6.37373975144894757e+02 -6.37316486997482912e+02 -6.37496758171206352e+02 -6.37254437556782591e+02 -6.37373124903256212e+02 -6.37280086274620885e+02 -6.37461230971123541e+02 -6.37706445784819834e+02 -6.37386818821949191e+02 -6.37380716721443264e+02 -6.37585238549982364e+02 -6.37314314678388087e+02 -6.37333758815405872e+02 -6.37520272137527400e+02 -6.37301935376543156e+02 -6.37476953656419141e+02
custom
2.00000000000000011e-01 3.00000000000000000e+00
2.00000000000000011e-01 3.00000000000000000e+00
TASMANIAN SG end
