TASMANIAN SG 4.0
WARNING: do not edit this manually
localpolynomial
2 1 1 4
localp
1 2 55 0 0 0 1 0 2 0 3 0 4 0 5 0 6 0 7 0 8 0 9 0 10 0 11 0 12 0 13 0 14 0 15 0 16 1 0 1 1 1 2 1 3 1 4 1 5 1 6 1 7 1 8 2 0 2 1 2 2 2 3 2 4 2 5 2 6 2 7 2 8 3 0 3 1 3 2 3 3 3 4 4 0 4 1 4 2 4 3 4 4 5 0 5 1 5 2 6 0 6 1 6 2 7 0 7 1 8 0 8 1
1  -6.83598160373889186e+02 -2.69471442720714549e-03 1.12826313977620885e-03 4.33813615700273658e-04 7.82712090767745394e-05 2.32959020650014281e-04 4.63051371752953855e-05 2.43039906990816235e-05 1.55742811784875812e-05 9.55584839630319038e-05 2.67928713810761110e-05 1.30908455275857705e-05 9.78094976744614542e-06 6.70436929794959724e-06 5.41149563559883973e-06 4.23847507136088097e-06 3.55186227807280375e-06 -2.74516304102689901e-03 -1.00148901287866465e-03 3.36296974523975223e-04 1.74864898781379452e-04 3.08571027858306479e-05 7.64207093766344769e-05 2.13858626807450491e-05 1.03846706451804494e-05 5.31930930947055458e-06 1.14421066371050983e-03 3.36296977479833004e-04 -8.10438680218794616e-05 -7.84188088687187701e-05 -8.51337790663819760e-06 -4.33768301490999875e-05 -8.57501032669460983e-06 -3.13492733994280570e-06 -1.51183559182754834e-06 4.43435749048148864e-04 1.74864961081766523e-04 -7.84188214311143383e-05 -1.90274784586108581e-05 -6.26860000352280622e-06 7.84364824539807159e-05 3.08571023310832970e-05 -6.96024875423972844e-06 -6.26859764452092350e-06 -9.34644873495926731e-07 2.37779425106054987e-04 7.64209068506715994e-05 -4.33768689731550694e-05 4.96470579491870012e-05 2.13858400570643425e-05 -8.57500612028161413e-06 2.47060143010457978e-05 1.03846701051679702e-05 1.56223321710058372e-05 5.31930922420542629e-06
0
0
1 0
0 4 5 6 8 10 12 14 16 18 18 18 18 18 18 18 18 18 21 22 23 25 27 27 27 27 27 30 31 32 34 36 36 36 36 36 40 41 42 42 42 46 47 48 48 48 50 50 50 52 52 52 53 53 54 54
17 26 1 2 3 4 5 6 7 8 9 10 11 12 13 14 15 16 35 18 19 20 21 22 23 24 25 40 27 28 29 30 31 32 33 34 45 48 36 37 38 39 51 53 41 42 43 44 46 47 49 50 52 54
1 55 1 -6.83598160373889186e+02 -6.83600855088316393e+02 -6.83597032110749410e+02 -6.83599073917487090e+02 -6.83597517971110278e+02 -6.83599731543881035e+02 -6.83598570840550906e+02 -6.83597814868508976e+02 -6.83597259466648666e+02 -6.83600197757614751e+02 -6.83599375937812738e+02 -6.83598809288173584e+02 -6.83598355826270335e+02 -6.83597980916829783e+02 -6.83597661008313935e+02 -6.83597384480404344e+02 -6.83597142236836703e+02 -6.83600905536930213e+02 -6.83604601740370299e+02 -6.83599440976815913e+02 -6.83602144960135774e+02 -6.83600064128561144e+02 -6.83603063970522953e+02 -6.83601457557533195e+02 -6.83600450144084334e+02 -6.83599731659098097e+02 -6.83597016163225476e+02 -6.83599374580675203e+02 -6.83595968943953721e+02 -6.83597839977143508e+02 -6.83596422795758372e+02 -6.83598417696718911e+02 -6.83597390340057586e+02 -6.83596698310428565e+02 -6.83596181807410517e+02 -6.83599089519660652e+02 -6.83602110113633216e+02 -6.83597871526854988e+02 -6.83600097598060302e+02 -6.83598393092097353e+02 -6.83597509832074820e+02 -6.83600005540911070e+02 -6.83596429051117866e+02 -6.83598369350879352e+02 -6.83596896361721178e+02 -6.83599759748870383e+02 -6.83603041726669858e+02 -6.83598461849279374e+02 -6.83598575299716913e+02 -6.83601411568076855e+02 -6.83597410746750370e+02 -6.83597810396967702e+02 -6.83600395223929354e+02 -6.83597247375318034e+02 -6.83599669119151713e+02
custom
2.00000000000000011e-01 3.00000000000000000e+00
2.00000000000000011e-01 3.00000000000000000e+00
TASMANIAN SG end
