TASMANIAN SG 4.0
WARNING: do not edit this manually
localpolynomial
2 1 1 4
localp
1 2 59 0 0 0 1 0 2 0 3 0 4 0 5 0 6 0 7 0 8 0 9 0 10 0 11 0 12 0 13 0 14 0 15 0 16 1 0 1 1 1 2 1 3 1 4 1 5 1 6 1 7 1 8 2 0 2 1 2 2 2 3 2 4 2 5 2 6 2 7 2 8 3 0 3 1 3 2 3 3 3 4 4 0 4 1 4 2 4 3 4 4 5 0 5 1 5 2 6 0 6 1 6 2 7 0 7 1 7 2 8 0 8 1 8 2 9 0 10 0
1  -6.84407928814651427e+02 -9.51862131159941782e-05 4.62101968423667131e-05 1.28507209637973574e-05 2.69942927388910903e-06 6.55824601381027605e-06 1.48826131862733746e-06 8.19139472696406301e-07 5.49821493223134894e-07 2.79324524399271468e-06 7.87328644946683198e-07 4.48941591457696632e-07 2.97984684038965497e-07 2.35592779063154012e-07 1.88874537343508564e-07 1.49522065839846618e-07 1.29296722661820240e-07 -9.74252872083525290e-05 -2.58927822187615675e-05 1.14346256623321096e-05 3.38866840365881217e-06 9.08786944364692317e-07 1.43113430794983287e-06 4.72842771159776021e-07 2.74999479188409168e-07 1.70947657807118958e-07 4.69349421337028616e-05 1.14346256623321096e-05 -3.77208493773650844e-06 -1.94659600083468831e-06 -3.63818685400474351e-07 -9.76828971488430398e-07 -2.43545173361781053e-07 -1.22364099297556095e-07 -7.07346998751745559e-08 1.32241874553074013e-05 3.38867124582975521e-06 -1.94659668295571464e-06 -2.34128378906461876e-07 -1.22887684028682997e-07 2.74400497346505290e-06 9.08786944364692317e-07 -2.94373137421644060e-07 -1.22887684028682997e-07 -3.27335385463811690e-08 6.79321169627655763e-06 1.43113825856744370e-06 -9.76830136778517044e-07 1.56372504989121808e-06 4.72842401677553426e-07 -2.43545315470328205e-07 8.42087501951027662e-07 2.74999166549605434e-07 -2.54114809195016278e-08 5.58354599888843950e-07 1.70947686228828388e-07 -2.37750157339178259e-08 -1.73383796209236607e-09 7.55221662984695286e-08
0
0
1 0
0 4 5 6 8 10 12 14 16 18 18 18 18 18 18 18 18 18 21 22 23 25 27 27 27 27 27 30 31 32 34 36 36 36 36 36 40 41 42 42 42 46 47 48 48 48 52 52 52 54 54 54 56 56 56 58 58 58 58 58
17 26 1 2 3 4 5 6 7 8 9 10 11 12 13 14 15 16 35 18 19 20 21 22 23 24 25 40 27 28 29 30 31 32 33 34 45 48 36 37 38 39 51 54 41 42 43 44 57 58 46 47 49 50 52 53 55 56
1 59 1 -6.84407928814651427e+02 -6.84408024000864543e+02 -6.84407882604454585e+02 -6.84407963557036965e+02 -6.84407903010123732e+02 -6.84407987220704854e+02 -6.84407944697582820e+02 -6.84407915093247993e+02 -6.84407892257467779e+02 -6.84408002817539455e+02 -6.84407974601542264e+02 -6.84407953678368358e+02 -6.84407936458132554e+02 -6.84407921718356874e+02 -6.84407908862811382e+02 -6.84407897484273690e+02 -6.84407887301664346e+02 -6.84408026239938636e+02 -6.84408147318933970e+02 -6.84407968595116131e+02 -6.84408070540046992e+02 -6.84407993809311165e+02 -6.84408100940110103e+02 -6.84408046428888611e+02 -6.84408008930485948e+02 -6.84407980481444611e+02 -6.84407881879709294e+02 -6.84407965631296747e+02 -6.84407839441597389e+02 -6.84407912851378001e+02 -6.84407858325042753e+02 -6.84407933659920445e+02 -6.84407896120827445e+02 -6.84407869405600536e+02 -6.84407848404233391e+02 -6.84407964303107633e+02 -6.84408069047040499e+02 -6.84407914322194642e+02 -6.84408002364147251e+02 -6.84407936281716047e+02 -6.84407902603175330e+02 -6.84407991163288784e+02 -6.84407858573394151e+02 -6.84407935128696863e+02 -6.84407878103498319e+02 -6.84407988478311381e+02 -6.84408099958637308e+02 -6.84407935642273856e+02 -6.84407944995154480e+02 -6.84408044487385041e+02 -6.84407897143144851e+02 -6.84407914866825877e+02 -6.84408006464989967e+02 -6.84407869772248432e+02 -6.84407891683087655e+02 -6.84407977667990508e+02 -6.84407848472916157e+02 -6.84408007360858846e+02 -6.84407976315187398e+02
custom
2.00000000000000011e-01 3.00000000000000000e+00
2.00000000000000011e-01 3.00000000000000000e+00
TASMANIAN SG end
