TASMANIAN SG 4.0
WARNING: do not edit this manually
localpolynomial
2 1 1 4
localp
1 2 59 0 0 0 1 0 2 0 3 0 4 0 5 0 6 0 7 0 8 0 9 0 10 0 11 0 12 0 13 0 14 0 15 0 16 1 0 1 1 1 2 1 3 1 4 1 5 1 6 1 7 1 8 2 0 2 1 2 2 2 3 2 4 2 5 2 6 2 7 2 8 3 0 3 1 3 2 3 3 3 4 4 0 4 1 4 2 4 3 4 4 5 0 5 1 5 2 6 0 6 1 6 2 7 0 7 1 7 2 8 0 8 1 8 2 9 0 10 0
1  -6.84098328528205798e+02 -1.03863613105659169e-03 4.54607245387705916e-04 1.59525830326856521e-04 3.00443235801139963e-05 8.43217342207935872e-05 1.73988281630954589e-05 9.27461815081187524e-06 6.01746762640686939e-06 3.48506761156386347e-05 9.83752761385403574e-06 4.98739154863869771e-06 3.63999845376383746e-06 2.56256282682443270e-06 2.07147024866571883e-06 1.63560275723284576e-06 1.37718348014459480e-06 -1.05973934626035771e-03 -3.54096862565711490e-04 1.29216326513414970e-04 5.68145024999466841e-05 1.14764513909904053e-05 2.44672056624040124e-05 7.25360780506889569e-06 3.77282651697896654e-06 2.03684589905606117e-06 4.61186158076998254e-04 1.29216326399728132e-04 -3.39214479936345015e-05 -2.78451008739466488e-05 -3.59254363502259366e-06 -1.47875524021401361e-05 -3.17000467475736514e-06 -1.28690908240969293e-06 -6.43399857835902367e-07 1.63265289643277356e-04 5.68145301826916693e-05 -2.78451088320252893e-05 -5.48161258961954445e-06 -2.03139856580492051e-06 3.02416218573853257e-05 1.14764501972786093e-05 -2.91264205998231773e-06 -2.03139734367141500e-06 -3.94852719409755082e-07 8.64404715912314714e-05 2.44672689007074950e-05 -1.47875694835875038e-05 1.86439076514943736e-05 7.25359993225538346e-06 -3.17000220206864469e-06 9.48136766965035349e-06 3.77282580643623078e-06 -2.89483438109527924e-07 6.04581384777702624e-06 2.03684604116460832e-06 -2.29261985396078671e-07 -1.73383796209236607e-09 9.60493821366981138e-07
0
0
1 0
0 4 5 6 8 10 12 14 16 18 18 18 18 18 18 18 18 18 21 22 23 25 27 27 27 27 27 30 31 32 34 36 36 36 36 36 40 41 42 42 42 46 47 48 48 48 52 52 52 54 54 54 56 56 56 58 58 58 58 58
17 26 1 2 3 4 5 6 7 8 9 10 11 12 13 14 15 16 35 18 19 20 21 22 23 24 25 40 27 28 29 30 31 32 33 34 45 48 36 37 38 39 51 54 41 42 43 44 57 58 46 47 49 50 52 53 55 56
1 59 1 -6.84098328528205798e+02 -6.84099367164336854e+02 -6.84097873920960410e+02 -6.84098688320440942e+02 -6.84098071180259581e+02 -6.84098943420654678e+02 -6.84098491025495150e+02 -6.84098190579614538e+02 -6.84097966533142426e+02 -6.84099120441819650e+02 -6.84098806033020310e+02 -6.84098584685576498e+02 -6.84098406136851963e+02 -6.84098256991347398e+02 -6.84098128808466754e+02 -6.84098017221098189e+02 -6.84097918849867938e+02 -6.84099388267552058e+02 -6.84100781000545680e+02 -6.84098804443980157e+02 -6.84099868293716099e+02 -6.84099054834991193e+02 -6.84100215858190950e+02 -6.84099603628198111e+02 -6.84099208503826958e+02 -6.84098921585172093e+02 -6.84097867342047721e+02 -6.84098776761852378e+02 -6.84097446656250327e+02 -6.84098190371220653e+02 -6.84097630547369135e+02 -6.84098414032354754e+02 -6.84098014627810585e+02 -6.84097740956999246e+02 -6.84097533227741906e+02 -6.84098695132589341e+02 -6.84099854002621441e+02 -6.84098203762289472e+02 -6.84099092116136489e+02 -6.84098415696288612e+02 -6.84098067693504959e+02 -6.84099030245022618e+02 -6.84097632959625571e+02 -6.84098405397381157e+02 -6.84097822473366250e+02 -6.84098955259599052e+02 -6.84100206593843154e+02 -6.84098432450232735e+02 -6.84098493186489804e+02 -6.84099584685971649e+02 -6.84098023367719520e+02 -6.84098188629487709e+02 -6.84099185450486175e+02 -6.84097744248408731e+02 -6.84097961471962435e+02 -6.84098895420777581e+02 -6.84097533991386058e+02 -6.84099171765309393e+02 -6.84098824235600432e+02
custom
2.00000000000000011e-01 3.00000000000000000e+00
2.00000000000000011e-01 3.00000000000000000e+00
TASMANIAN SG end
