TASMANIAN SG 4.0
WARNING: do not edit this manually
localpolynomial
2 1 1 4
localp
1 2 59 0 0 0 1 0 2 0 3 0 4 0 5 0 6 0 7 0 8 0 9 0 10 0 11 0 12 0 13 0 14 0 15 0 16 1 0 1 1 1 2 1 3 1 4 1 5 1 6 1 7 1 8 2 0 2 1 2 2 2 3 2 4 2 5 2 6 2 7 2 8 3 0 3 1 3 2 3 3 3 4 4 0 4 1 4 2 4 3 4 4 5 0 5 1 5 2 6 0 6 1 6 2 7 0 7 1 7 2 8 0 8 1 8 2 9 0 10 0
1  -6.84372446817520427e+02 -1.95156835275156482e-04 9.19416770557290874e-05 2.74356069667192060e-05 5.57924840904888697e-06 1.41356493941202643e-05 3.12144788949808571e-06 1.70232863183628069e-06 1.13090266040671850e-06 5.96002132624562364e-06 1.68450765158922877e-06 9.20219349609396886e-07 6.38487790638464503e-07 4.78402739645389374e-07 3.85986027140461374e-07 3.07219693240767810e-07 2.62150592789112125e-07 -1.99579655259185529e-04 -5.68836775300951558e-05 2.37893881376294303e-05 7.89651738841712358e-06 1.95283467974149971e-06 3.34416819214311545e-06 1.07348546407592949e-06 6.10844779203034705e-07 3.62695800504297949e-07 9.33483414655711385e-05 2.37893875691952417e-05 -7.33555953047471121e-06 -4.37856067492248258e-06 -7.43506006983807310e-07 -2.21110917664191220e-06 -5.33230604560230859e-07 -2.54399537880090065e-07 -1.39076178129471373e-07 2.81738779221996083e-05 7.89652284538533422e-06 -4.37856232338162954e-06 -6.12424685186852003e-07 -2.79412290637992555e-07 5.65814377750939457e-06 1.95283433868098655e-06 -6.01334193106595194e-07 -2.79412262216283125e-07 -7.30093177025992190e-08 1.45985380868296488e-05 3.34417703129474830e-06 -2.21111210407798353e-06 3.30806142301298678e-06 1.07348463984635600e-06 -5.33230519295102567e-07 1.75014213255053619e-06 6.10845034998419578e-07 -5.46724834293854656e-08 1.14335102807672229e-06 3.62695942612845101e-07 -4.75981494219013257e-08 -1.73383796209236607e-09 1.62248056767566595e-07
0
0
1 0
0 4 5 6 8 10 12 14 16 18 18 18 18 18 18 18 18 18 21 22 23 25 27 27 27 27 27 30 31 32 34 36 36 36 36 36 40 41 42 42 42 46 47 48 48 48 52 52 52 54 54 54 56 56 56 58 58 58 58 58
17 26 1 2 3 4 5 6 7 8 9 10 11 12 13 14 15 16 35 18 19 20 21 22 23 24 25 40 27 28 29 30 31 32 33 34 45 48 36 37 38 39 51 54 41 42 43 44 57 58 46 47 49 50 52 53 55 56
1 59 1 -6.84372446817520427e+02 -6.84372641974355702e+02 -6.84372354875843371e+02 -6.84372516960331154e+02 -6.84372395267433490e+02 -6.84372565331693977e+02 -6.84372478767477787e+02 -6.84372419340148326e+02 -6.84372373940735770e+02 -6.84372597693003399e+02 -6.84372539461504857e+02 -6.84372496943685178e+02 -6.84372462154011373e+02 -6.84372432600431694e+02 -6.84372406917804938e+02 -6.84372384296864993e+02 -6.84372364146139034e+02 -6.84372646397175686e+02 -6.84372898437688491e+02 -6.84372530666110492e+02 -6.84372737085307790e+02 -6.84372580999560000e+02 -6.84372800281680611e+02 -6.84372687546308271e+02 -6.84372611385194432e+02 -6.84372554339236785e+02 -6.84372353469178961e+02 -6.84372524836626667e+02 -6.84372268863061436e+02 -6.84372416095856579e+02 -6.84372306330377796e+02 -6.84372458541701462e+02 -6.84372382194300371e+02 -6.84372328451849285e+02 -6.84372286604893134e+02 -6.84372518433470077e+02 -6.84372734135621386e+02 -6.84372418975661390e+02 -6.84372595513104784e+02 -6.84372462428312247e+02 -6.84372394485205859e+02 -6.84372575794513068e+02 -6.84372306812642819e+02 -6.84372460172945239e+02 -6.84372345514438280e+02 -6.84372567816784795e+02 -6.84372798343939735e+02 -6.84372462433459987e+02 -6.84372479317433886e+02 -6.84372683673442452e+02 -6.84372384150921448e+02 -6.84372418901220954e+02 -6.84372606523447303e+02 -6.84372329148773474e+02 -6.84372372833841382e+02 -6.84372548809522868e+02 -6.84372286742099277e+02 -6.84372607108713964e+02 -6.84372542962879379e+02
custom
2.00000000000000011e-01 3.00000000000000000e+00
2.00000000000000011e-01 3.00000000000000000e+00
TASMANIAN SG end
