TASMANIAN SG 4.0
WARNING: do not edit this manually
localpolynomial
2 1 1 4
localp
1 2 59 0 0 0 1 0 2 0 3 0 4 0 5 0 6 0 7 0 8 0 9 0 10 0 11 0 12 0 13 0 14 0 15 0 16 1 0 1 1 1 2 1 3 1 4 1 5 1 6 1 7 1 8 2 0 2 1 2 2 2 3 2 4 2 5 2 6 2 7 2 8 3 0 3 1 3 2 3 3 3 4 4 0 4 1 4 2 4 3 4 4 5 0 5 1 5 2 6 0 6 1 6 2 7 0 7 1 7 2 8 0 8 1 8 2 9 0 10 0
1  -6.10852881611268003e+02 -3.12095258062299763e-01 1.00564764448563437e-01 6.14562300887655510e-02 8.94113469450985576e-03 3.48905544447006832e-02 6.36451745867816499e-03 2.97290186949794588e-03 1.60967821148005896e-03 1.48008505860843798e-02 3.81918463085639814e-03 1.72970208893730160e-03 1.35045025024282950e-03 8.28494927873180131e-04 6.47098988565630862e-04 4.54484351280370902e-04 3.53178055775060784e-04 -3.14404270202544467e-01 -1.70608123213582985e-01 3.81754727226280011e-02 4.48846861150400400e-02 3.21613567581380266e-03 2.27577896529282953e-02 3.79291828988925772e-03 1.11978067116069724e-03 5.36648533227435109e-04 1.01672557622691784e-01 3.81754730979082524e-02 -6.46375129679199745e-03 -1.06791818873261946e-02 -6.85398523103231128e-04 -7.41012608909841219e-03 -1.17193701430551300e-03 -3.00953764508449240e-04 -1.09583739515528578e-04 6.19892146344227513e-02 4.48846861041261036e-02 -1.06791816555755759e-02 -9.52297499406995485e-03 -1.13122825911204927e-03 8.98628016739166924e-03 3.21613550539723292e-03 -5.46859154326284624e-04 -1.13122812959431940e-03 -3.22484876278394950e-05 3.51532719223541790e-02 2.27577896356194742e-02 -7.41012572032673233e-03 6.61072815228180843e-03 3.79291828201644421e-03 -1.17193692514661052e-03 3.01100447268254356e-03 1.11978066925644271e-03 -1.18173992945003192e-04 1.64901538494177657e-03 5.36648408086648487e-04 -7.11801569934777945e-05 -3.08102698909351602e-09 7.57398791051855369e-04
0
0
1 0
0 4 5 6 8 10 12 14 16 18 18 18 18 18 18 18 18 18 21 22 23 25 27 27 27 27 27 30 31 32 34 36 36 36 36 36 40 41 42 42 42 46 47 48 48 48 52 52 52 54 54 54 56 56 56 58 58 58 58 58
17 26 1 2 3 4 5 6 7 8 9 10 11 12 13 14 15 16 35 18 19 20 21 22 23 24 25 40 27 28 29 30 31 32 33 34 45 48 36 37 38 39 51 54 41 42 43 44 57 58 46 47 49 50 52 53 55 56
1 59 1 -6.10852881611268003e+02 -6.11164976869330303e+02 -6.10752316846819440e+02 -6.10947473010210388e+02 -6.10793658094349212e+02 -6.11021334385325645e+02 -6.10893812793280517e+02 -6.10820296950939110e+02 -6.10771377792372846e+02 -6.11078354776741890e+02 -6.10980584513137160e+02 -6.10918913199656572e+02 -6.10871996752023961e+02 -6.10835760786175683e+02 -6.10806330423655595e+02 -6.10782063459009692e+02 -6.10761494141540425e+02 -6.11167285881470548e+02 -6.11649989262746431e+02 -6.11028545644299356e+02 -6.11302296655904684e+02 -6.11085758492514628e+02 -6.11418494615227928e+02 -6.11224633832938935e+02 -6.11122429504451816e+02 -6.11055005741662285e+02 -6.10751209053645312e+02 -6.11025128838609703e+02 -6.10657108040493540e+02 -6.10837391897926068e+02 -6.10695902810898019e+02 -6.10903779939912397e+02 -6.10789107895341317e+02 -6.10720883984166562e+02 -6.10675005331223929e+02 -6.10948094531734796e+02 -6.11300609165299761e+02 -6.10839121212580494e+02 -6.11049976250365148e+02 -6.10884189897884426e+02 -6.10793059052289323e+02 -6.11082850438297214e+02 -6.10696273022643481e+02 -6.10882969334277732e+02 -6.10736099850520986e+02 -6.11022536934680375e+02 -6.11417388152465151e+02 -6.10906090282237983e+02 -6.10893877343349118e+02 -6.11222389370880819e+02 -6.10790280238472860e+02 -6.10819959327305924e+02 -6.11119782868671791e+02 -6.10721402104251752e+02 -6.10770485037582375e+02 -6.11051803974660402e+02 -6.10675112696340534e+02 -6.11094911411156545e+02 -6.10984558334416647e+02
custom
2.00000000000000011e-01 3.00000000000000000e+00
2.00000000000000011e-01 3.00000000000000000e+00
TASMANIAN SG end
