TASMANIAN SG 4.0
WARNING: do not edit this manually
localpolynomial
2 1 1 4
localp
1 2 55 0 0 0 1 0 2 0 3 0 4 0 5 0 6 0 7 0 8 0 9 0 10 0 11 0 12 0 13 0 14 0 15 0 16 1 0 1 1 1 2 1 3 1 4 1 5 1 6 1 7 1 8 2 0 2 1 2 2 2 3 2 4 2 5 2 6 2 7 2 8 3 0 3 1 3 2 3 3 3 4 4 0 4 1 4 2 4 3 4 4 5 0 5 1 5 2 6 0 6 1 6 2 7 0 7 1 8 0 8 1
1  -3.33299457193826925e+02 -1.64082505241162835e+00 4.71652679716157763e-01 3.46383816395018584e-01 4.41387994049478039e-02 1.92603142085033596e-01 3.56442335257156628e-02 1.53974440129331924e-02 7.73130256652621028e-03 8.64531191901960483e-02 2.19682034908146306e-02 1.01684377854098784e-02 7.32460534254641971e-03 4.53976373501063790e-03 3.15697820428795239e-03 2.18796440174173767e-03 1.67870449899965024e-03 -1.64474370412972348e+00 -1.00918801529553548e+00 2.02667090043973985e-01 2.98677963938985158e-01 1.61811055453426889e-02 1.67119166676314990e-01 2.01834197054893139e-02 5.50522478474135823e-03 2.74332894153417328e-03 4.73657495168765763e-01 2.02667095901006178e-01 -2.80303707872349150e-02 -5.61803903909208202e-02 -2.70706648834107000e-03 -3.54461868433588734e-02 -7.56503414251596951e-03 -1.23989495696719132e-03 -4.58467911187199206e-04 3.47209908312834159e-01 2.98677963853720030e-01 -5.61803876325939200e-02 -8.38433311203345966e-02 -5.64201713413581274e-03 4.44139217158863175e-02 1.61811026278826375e-02 -2.48344052855031805e-03 -5.64201542182729554e-03 -2.16953182956558521e-04 1.93124476459729522e-01 1.67119166550151022e-01 -3.54461837048347661e-02 3.61441058297486961e-02 2.01834196045638237e-02 -7.56503271668407251e-03 1.54857489540063398e-02 5.50522468516589925e-03 7.80129939312246279e-03 2.74332628664808453e-03
0
0
1 0
0 4 5 6 8 10 12 14 16 18 18 18 18 18 18 18 18 18 21 22 23 25 27 27 27 27 27 30 31 32 34 36 36 36 36 36 40 41 42 42 42 46 47 48 48 48 50 50 50 52 52 52 53 53 54 54
17 26 1 2 3 4 5 6 7 8 9 10 11 12 13 14 15 16 35 18 19 20 21 22 23 24 25 40 27 28 29 30 31 32 33 34 45 48 36 37 38 39 51 53 41 42 43 44 46 47 49 50 52 54
1 55 1 -3.33299457193826925e+02 -3.34940282246238553e+02 -3.32827804514110767e+02 -3.33773485903637720e+02 -3.33019492054563898e+02 -3.34164280932853103e+02 -3.33500827315206607e+02 -3.33144077180182535e+02 -3.32915916981770806e+02 -3.34465828470355632e+02 -3.33946915214754540e+02 -3.33626988171636754e+02 -3.33392817649174162e+02 -3.33217227423269719e+02 -3.33078627639168872e+02 -3.32965516553765610e+02 -3.32870182043441787e+02 -3.34944200897956648e+02 -3.37594213965663812e+02 -3.34269881128196516e+02 -3.35624145651476226e+02 -3.34546721108126292e+02 -3.36249457499808670e+02 -3.35228345621485232e+02 -3.34724558334243852e+02 -3.34397826486653287e+02 -3.32825799698658159e+02 -3.34263957655168781e+02 -3.32382177389729236e+02 -3.33254675250909372e+02 -3.32562556811277091e+02 -3.33602159497797402e+02 -3.33012158275400566e+02 -3.32680020705911716e+02 -3.32465094265847767e+02 -3.33774619137578952e+02 -3.35621360233784628e+02 -3.33257813300473401e+02 -3.34286110218437614e+02 -3.33469628883982693e+02 -3.33018214524526684e+02 -3.34541524926359898e+02 -3.32563060470732694e+02 -3.33467218119665574e+02 -3.32748069184651854e+02 -3.34166285541308071e+02 -3.36247543456714311e+02 -3.33606168921580093e+02 -3.33500894059873190e+02 -3.35224493714577306e+02 -3.33014229834179048e+02 -3.33143350110222798e+02 -3.34719912612660039e+02 -3.32914205812199270e+02 -3.34392196665084555e+02
custom
2.00000000000000011e-01 3.00000000000000000e+00
2.00000000000000011e-01 3.00000000000000000e+00
TASMANIAN SG end
