TASMANIAN SG 4.0
WARNING: do not edit this manually
localpolynomial
2 1 1 4
localp
1 2 59 0 0 0 1 0 2 0 3 0 4 0 5 0 6 0 7 0 8 0 9 0 10 0 11 0 12 0 13 0 14 0 15 0 16 1 0 1 1 1 2 1 3 1 4 1 5 1 6 1 7 1 8 2 0 2 1 2 2 2 3 2 4 2 5 2 6 2 7 2 8 3 0 3 1 3 2 3 3 3 4 4 0 4 1 4 2 4 3 4 4 5 0 5 1 5 2 6 0 6 1 6 2 7 0 7 1 7 2 8 0 8 1 8 2 9 0 10 0
1  -5.92446289914306590e+02 -3.95635400488117739e-01 1.25518939951007269e-01 7.86448878232022253e-02 1.12658611892584304e-02 4.46203531182618462e-02 8.15030489786749968e-03 3.77662614891960402e-03 2.01426959597483801e-03 1.90452132617338066e-02 4.89511311639034830e-03 2.22544046937400708e-03 1.72172507109280559e-03 1.05769530068755557e-03 8.16586536302565946e-04 5.68676231409881439e-04 4.42035718606348382e-04 -3.98297028131992192e-01 -2.20035108408978886e-01 4.84186789904015313e-02 5.89587889142535460e-02 4.03616718358534854e-03 3.02572399234009026e-02 4.84331448512875795e-03 1.39751660356068896e-03 6.77108387776570453e-04 1.26811203733268485e-01 4.84186795388268365e-02 -8.00110852162561059e-03 -1.35180445299738494e-02 -8.50860594653113367e-04 -9.39348763199632231e-03 -1.51876352560975647e-03 -3.79594709670527664e-04 -1.34452603617774002e-04 7.92344518034724388e-02 5.89587888996447873e-02 -1.35180442038063120e-02 -1.29935929644204862e-02 -1.42692028595092779e-03 1.13313376261885423e-02 4.03616693085950828e-03 -6.83215283743265900e-04 -1.42692009848133239e-03 -4.21812142974431481e-05 4.49391830984495755e-02 3.02572399007203785e-02 -9.39348713086474163e-03 8.44992943643774197e-03 4.84331447364638734e-03 -1.51876339157297480e-03 3.82001298987688642e-03 1.39751659969533648e-03 -8.39494683759767213e-05 2.06457114541080955e-03 6.77108196441622567e-04 -5.53727164742667810e-05 -1.73383796209236607e-09 4.99325414693885250e-04
0
0
1 0
0 4 5 6 8 10 12 14 16 18 18 18 18 18 18 18 18 18 21 22 23 25 27 27 27 27 27 30 31 32 34 36 36 36 36 36 40 41 42 42 42 46 47 48 48 48 52 52 52 54 54 54 56 56 56 58 58 58 58 58
17 26 1 2 3 4 5 6 7 8 9 10 11 12 13 14 15 16 35 18 19 20 21 22 23 24 25 40 27 28 29 30 31 32 33 34 45 48 36 37 38 39 51 54 41 42 43 44 57 58 46 47 49 50 52 53 55 56
1 59 1 -5.92446289914306590e+02 -5.92841925314794707e+02 -5.92320770974355582e+02 -5.92565462726727446e+02 -5.92372264583141828e+02 -5.92659073667642815e+02 -5.92497726015619151e+02 -5.92405500622575346e+02 -5.92344503509152673e+02 -5.92731454277957027e+02 -5.92607373084068740e+02 -5.92529368930704095e+02 -5.92470286239891720e+02 -5.92424837573140280e+02 -5.92388066016322227e+02 -5.92357815369915897e+02 -5.92332195206035522e+02 -5.92844586942438582e+02 -5.93460257451335679e+02 -5.92670649323497173e+02 -5.93014818520149674e+02 -5.92742316104595034e+02 -5.93162660392701014e+02 -5.92916709111911132e+02 -5.92788277380764384e+02 -5.92703791336062295e+02 -5.92319478710573321e+02 -5.92666695431522612e+02 -5.92201960879143940e+02 -5.92427960227754738e+02 -5.92250304794264025e+02 -5.92512100964152410e+02 -5.92367087927791772e+02 -5.92281494720979367e+02 -5.92224253019711682e+02 -5.92566203976569113e+02 -5.93012898142362019e+02 -5.92429993741326712e+02 -5.92694420370149714e+02 -5.92486241834452812e+02 -5.92371552974813767e+02 -5.92738942868601612e+02 -5.92250717804407259e+02 -5.92484788976247955e+02 -5.92300337139932935e+02 -5.92660456276405284e+02 -5.93161381373849736e+02 -5.92514775836444414e+02 -5.92497797016001527e+02 -5.92914118484668279e+02 -5.92368451191796339e+02 -5.92405101431570301e+02 -5.92785216562108531e+02 -5.92282008325859920e+02 -5.92343451271548133e+02 -5.92700077470720316e+02 -5.92224330143346720e+02 -5.92752521611155771e+02 -5.92612830801072619e+02
custom
2.00000000000000011e-01 3.00000000000000000e+00
2.00000000000000011e-01 3.00000000000000000e+00
TASMANIAN SG end
